[1000.0, 1000.0, 1000.0, 1000.0, 1000.0, 1000.0, 1000.0, 1000.0, 1000.0, 1000.0]
[995.0, 995.0, 995.0, 995.0, 995.0, 995.0, 995.0, 995.0, 995.0, 995.0]
[990.025, 990.025, 990.025, 990.025, 990.025, 990.025, 990.025, 990.025, 990.025, 990.025]
[985.074875, 985.074875, 985.074875, 985.074875, 985.074875, 985.074875, 985.074875, 985.074875, 985.074875, 985.074875]
[980.149500625, 980.149500625, 980.149500625, 980.149500625, 980.149500625, 980.149500625, 980.149500625, 980.149500625, 980.149500625, 980.149500625]
[975.248753121875, 975.248753121875, 975.248753121875, 975.248753121875, 975.248753121875, 975.248753121875, 975.248753121875, 975.248753121875, 975.248753121875, 975.248753121875]
[970.3725093562656, 970.3725093562656, 970.3725093562656, 970.3725093562656, 970.3725093562656, 970.3725093562656, 970.3725093562656, 970.3725093562656, 970.3725093562656, 970.3725093562656]
[965.5206468094842, 965.5206468094842, 965.5206468094842, 965.5206468094842, 965.5206468094842, 965.5206468094842, 965.5206468094842, 965.5206468094842, 965.5206468094842, 965.5206468094842]
[960.6930435754368, 960.6930435754368, 960.6930435754368, 960.6930435754368, 960.6930435754368, 960.6930435754368, 960.6930435754368, 960.6930435754368, 960.6930435754368, 960.6930435754368]
[955.8895783575597, 955.8895783575597, 955.8895783575597, 955.8895783575597, 955.8895783575597, 955.8895783575597, 955.8895783575597, 955.8895783575597, 955.8895783575597, 955.8895783575597]
[951.1101304657719, 951.1101304657719, 951.1101304657719, 951.1101304657719, 951.1101304657719, 951.1101304657719, 951.1101304657719, 951.1101304657719, 951.1101304657719, 951.1101304657719]
[946.354579813443, 946.354579813443, 946.354579813443, 946.354579813443, 946.354579813443, 946.354579813443, 946.354579813443, 946.354579813443, 946.354579813443, 946.354579813443]
[941.6228069143758, 941.6228069143758, 941.6228069143758, 941.6228069143758, 941.6228069143758, 941.6228069143758, 941.6228069143758, 941.6228069143758, 941.6228069143758, 941.6228069143758]
[936.914692879804, 936.914692879804, 936.914692879804, 936.914692879804, 936.914692879804, 936.914692879804, 936.914692879804, 936.914692879804, 936.914692879804, 936.914692879804]
[932.2301194154049, 932.2301194154049, 932.2301194154049, 932.2301194154049, 932.2301194154049, 932.2301194154049, 932.2301194154049, 932.2301194154049, 932.2301194154049, 932.2301194154049]
[927.5689688183279, 927.5689688183279, 927.5689688183279, 927.5689688183279, 927.5689688183279, 927.5689688183279, 927.5689688183279, 927.5689688183279, 927.5689688183279, 927.5689688183279]
[922.9311239742362, 922.9311239742362, 922.9311239742362, 922.9311239742362, 922.9311239742362, 922.9311239742362, 922.9311239742362, 922.9311239742362, 922.9311239742362, 922.9311239742362]
[918.316468354365, 918.316468354365, 918.316468354365, 918.316468354365, 918.316468354365, 918.316468354365, 918.316468354365, 918.316468354365, 918.316468354365, 918.316468354365]
[913.7248860125932, 913.7248860125932, 913.7248860125932, 913.7248860125932, 913.7248860125932, 913.7248860125932, 913.7248860125932, 913.7248860125932, 913.7248860125932, 913.7248860125932]
[909.1562615825302, 909.1562615825302, 909.1562615825302, 909.1562615825302, 909.1562615825302, 909.1562615825302, 909.1562615825302, 909.1562615825302, 909.1562615825302, 909.1562615825302]
[904.6104802746175, 904.6104802746175, 904.6104802746175, 904.6104802746175, 904.6104802746175, 904.6104802746175, 904.6104802746175, 904.6104802746175, 904.6104802746175, 904.6104802746175]
[900.0874278732445, 900.0874278732445, 900.0874278732445, 900.0874278732445, 900.0874278732445, 900.0874278732445, 900.0874278732445, 900.0874278732445, 900.0874278732445, 900.0874278732445]
[895.5869907338782, 895.5869907338782, 895.5869907338782, 895.5869907338782, 895.5869907338782, 895.5869907338782, 895.5869907338782, 895.5869907338782, 895.5869907338782, 895.5869907338782]
[891.1090557802088, 891.1090557802088, 891.1090557802088, 891.1090557802088, 891.1090557802088, 891.1090557802088, 891.1090557802088, 891.1090557802088, 891.1090557802088, 891.1090557802088]
[886.6535105013078, 886.6535105013078, 886.6535105013078, 886.6535105013078, 886.6535105013078, 886.6535105013078, 886.6535105013078, 886.6535105013078, 886.6535105013078, 886.6535105013078]
[882.2202429488012, 882.2202429488012, 882.2202429488012, 882.2202429488012, 882.2202429488012, 882.2202429488012, 882.2202429488012, 882.2202429488012, 882.2202429488012, 882.2202429488012]
[877.8091417340572, 877.8091417340572, 877.8091417340572, 877.8091417340572, 877.8091417340572, 877.8091417340572, 877.8091417340572, 877.8091417340572, 877.8091417340572, 877.8091417340572]
[873.4200960253869, 873.4200960253869, 873.4200960253869, 873.4200960253869, 873.4200960253869, 873.4200960253869, 873.4200960253869, 873.4200960253869, 873.4200960253869, 873.4200960253869]
[869.0529955452599, 869.0529955452599, 869.0529955452599, 869.0529955452599, 869.0529955452599, 869.0529955452599, 869.0529955452599, 869.0529955452599, 869.0529955452599, 869.0529955452599]
[864.7077305675336, 864.7077305675336, 864.7077305675336, 864.7077305675336, 864.7077305675336, 864.7077305675336, 864.7077305675336, 864.7077305675336, 864.7077305675336, 864.7077305675336]
[860.384191914696, 860.384191914696, 860.384191914696, 860.384191914696, 860.384191914696, 860.384191914696, 860.384191914696, 860.384191914696, 860.384191914696, 860.384191914696]
[856.0822709551225, 856.0822709551225, 856.0822709551225, 856.0822709551225, 856.0822709551225, 856.0822709551225, 856.0822709551225, 856.0822709551225, 856.0822709551225, 856.0822709551225]
[851.8018596003468, 851.8018596003468, 851.8018596003468, 851.8018596003468, 851.8018596003468, 851.8018596003468, 851.8018596003468, 851.8018596003468, 851.8018596003468, 851.8018596003468]
[847.5428503023451, 847.5428503023451, 847.5428503023451, 847.5428503023451, 847.5428503023451, 847.5428503023451, 847.5428503023451, 847.5428503023451, 847.5428503023451, 847.5428503023451]
[843.3051360508333, 843.3051360508333, 843.3051360508333, 843.3051360508333, 843.3051360508333, 843.3051360508333, 843.3051360508333, 843.3051360508333, 843.3051360508333, 843.3051360508333]
[839.0886103705791, 839.0886103705791, 839.0886103705791, 839.0886103705791, 839.0886103705791, 839.0886103705791, 839.0886103705791, 839.0886103705791, 839.0886103705791, 839.0886103705791]
[834.8931673187262, 834.8931673187262, 834.8931673187262, 834.8931673187262, 834.8931673187262, 834.8931673187262, 834.8931673187262, 834.8931673187262, 834.8931673187262, 834.8931673187262]
[830.7187014821326, 830.7187014821326, 830.7187014821326, 830.7187014821326, 830.7187014821326, 830.7187014821326, 830.7187014821326, 830.7187014821326, 830.7187014821326, 830.7187014821326]
[826.565107974722, 826.565107974722, 826.565107974722, 826.565107974722, 826.565107974722, 826.565107974722, 826.565107974722, 826.565107974722, 826.565107974722, 826.565107974722]
[822.4322824348484, 822.4322824348484, 822.4322824348484, 822.4322824348484, 822.4322824348484, 822.4322824348484, 822.4322824348484, 822.4322824348484, 822.4322824348484, 822.4322824348484]
[818.3201210226741, 818.3201210226741, 818.3201210226741, 818.3201210226741, 818.3201210226741, 818.3201210226741, 818.3201210226741, 818.3201210226741, 818.3201210226741, 818.3201210226741]
[814.2285204175607, 814.2285204175607, 814.2285204175607, 814.2285204175607, 814.2285204175607, 814.2285204175607, 814.2285204175607, 814.2285204175607, 814.2285204175607, 814.2285204175607]
[810.157377815473, 810.157377815473, 810.157377815473, 810.157377815473, 810.157377815473, 810.157377815473, 810.157377815473, 810.157377815473, 810.157377815473, 810.157377815473]
[806.1065909263956, 806.1065909263956, 806.1065909263956, 806.1065909263956, 806.1065909263956, 806.1065909263956, 806.1065909263956, 806.1065909263956, 806.1065909263956, 806.1065909263956]
[802.0760579717636, 802.0760579717636, 802.0760579717636, 802.0760579717636, 802.0760579717636, 802.0760579717636, 802.0760579717636, 802.0760579717636, 802.0760579717636, 802.0760579717636]
[798.0656776819047, 798.0656776819047, 798.0656776819047, 798.0656776819047, 798.0656776819047, 798.0656776819047, 798.0656776819047, 798.0656776819047, 798.0656776819047, 798.0656776819047]
[794.0753492934952, 794.0753492934952, 794.0753492934952, 794.0753492934952, 794.0753492934952, 794.0753492934952, 794.0753492934952, 794.0753492934952, 794.0753492934952, 794.0753492934952]
[790.1049725470277, 790.1049725470277, 790.1049725470277, 790.1049725470277, 790.1049725470277, 790.1049725470277, 790.1049725470277, 790.1049725470277, 790.1049725470277, 790.1049725470277]
[786.1544476842926, 786.1544476842926, 786.1544476842926, 786.1544476842926, 786.1544476842926, 786.1544476842926, 786.1544476842926, 786.1544476842926, 786.1544476842926, 786.1544476842926]
[782.2236754458711, 782.2236754458711, 782.2236754458711, 782.2236754458711, 782.2236754458711, 782.2236754458711, 782.2236754458711, 782.2236754458711, 782.2236754458711, 782.2236754458711]
[778.3125570686417, 778.3125570686417, 778.3125570686417, 778.3125570686417, 778.3125570686417, 778.3125570686417, 778.3125570686417, 778.3125570686417, 778.3125570686417, 778.3125570686417]
[774.4209942832985, 774.4209942832985, 774.4209942832985, 774.4209942832985, 774.4209942832985, 774.4209942832985, 774.4209942832985, 774.4209942832985, 774.4209942832985, 774.4209942832985]
[770.5488893118819, 770.5488893118819, 770.5488893118819, 770.5488893118819, 770.5488893118819, 770.5488893118819, 770.5488893118819, 770.5488893118819, 770.5488893118819, 770.5488893118819]
[766.6961448653225, 766.6961448653225, 766.6961448653225, 766.6961448653225, 766.6961448653225, 766.6961448653225, 766.6961448653225, 766.6961448653225, 766.6961448653225, 766.6961448653225]
[762.8626641409959, 762.8626641409959, 762.8626641409959, 762.8626641409959, 762.8626641409959, 762.8626641409959, 762.8626641409959, 762.8626641409959, 762.8626641409959, 762.8626641409959]
[759.0483508202909, 759.0483508202909, 759.0483508202909, 759.0483508202909, 759.0483508202909, 759.0483508202909, 759.0483508202909, 759.0483508202909, 759.0483508202909, 759.0483508202909]
[755.2531090661895, 755.2531090661895, 755.2531090661895, 755.2531090661895, 755.2531090661895, 755.2531090661895, 755.2531090661895, 755.2531090661895, 755.2531090661895, 755.2531090661895]
[751.4768435208586, 751.4768435208586, 751.4768435208586, 751.4768435208586, 751.4768435208586, 751.4768435208586, 751.4768435208586, 751.4768435208586, 751.4768435208586, 751.4768435208586]
[747.7194593032542, 747.7194593032542, 747.7194593032542, 747.7194593032542, 747.7194593032542, 747.7194593032542, 747.7194593032542, 747.7194593032542, 747.7194593032542, 747.7194593032542]
[743.980862006738, 743.980862006738, 743.980862006738, 743.980862006738, 743.980862006738, 743.980862006738, 743.980862006738, 743.980862006738, 743.980862006738, 743.980862006738]
[740.2609576967043, 740.2609576967043, 740.2609576967043, 740.2609576967043, 740.2609576967043, 740.2609576967043, 740.2609576967043, 740.2609576967043, 740.2609576967043, 740.2609576967043]
[736.5596529082208, 736.5596529082208, 736.5596529082208, 736.5596529082208, 736.5596529082208, 736.5596529082208, 736.5596529082208, 736.5596529082208, 736.5596529082208, 736.5596529082208]
[732.8768546436796, 732.8768546436796, 732.8768546436796, 732.8768546436796, 732.8768546436796, 732.8768546436796, 732.8768546436796, 732.8768546436796, 732.8768546436796, 732.8768546436796]
[729.2124703704612, 729.2124703704612, 729.2124703704612, 729.2124703704612, 729.2124703704612, 729.2124703704612, 729.2124703704612, 729.2124703704612, 729.2124703704612, 729.2124703704612]
[725.566408018609, 725.566408018609, 725.566408018609, 725.566408018609, 725.566408018609, 725.566408018609, 725.566408018609, 725.566408018609, 725.566408018609, 725.566408018609]
[721.9385759785159, 721.9385759785159, 721.9385759785159, 721.9385759785159, 721.9385759785159, 721.9385759785159, 721.9385759785159, 721.9385759785159, 721.9385759785159, 721.9385759785159]
[718.3288830986234, 718.3288830986234, 718.3288830986234, 718.3288830986234, 718.3288830986234, 718.3288830986234, 718.3288830986234, 718.3288830986234, 718.3288830986234, 718.3288830986234]
[714.7372386831303, 714.7372386831303, 714.7372386831303, 714.7372386831303, 714.7372386831303, 714.7372386831303, 714.7372386831303, 714.7372386831303, 714.7372386831303, 714.7372386831303]
[711.1635524897147, 711.1635524897147, 711.1635524897147, 711.1635524897147, 711.1635524897147, 711.1635524897147, 711.1635524897147, 711.1635524897147, 711.1635524897147, 711.1635524897147]
[707.6077347272661, 707.6077347272661, 707.6077347272661, 707.6077347272661, 707.6077347272661, 707.6077347272661, 707.6077347272661, 707.6077347272661, 707.6077347272661, 707.6077347272661]
[704.0696960536297, 704.0696960536297, 704.0696960536297, 704.0696960536297, 704.0696960536297, 704.0696960536297, 704.0696960536297, 704.0696960536297, 704.0696960536297, 704.0696960536297]
[700.5493475733616, 700.5493475733616, 700.5493475733616, 700.5493475733616, 700.5493475733616, 700.5493475733616, 700.5493475733616, 700.5493475733616, 700.5493475733616, 700.5493475733616]
[697.0466008354948, 697.0466008354948, 697.0466008354948, 697.0466008354948, 697.0466008354948, 697.0466008354948, 697.0466008354948, 697.0466008354948, 697.0466008354948, 697.0466008354948]
[693.5613678313173, 693.5613678313173, 693.5613678313173, 693.5613678313173, 693.5613678313173, 693.5613678313173, 693.5613678313173, 693.5613678313173, 693.5613678313173, 693.5613678313173]
[690.0935609921607, 690.0935609921607, 690.0935609921607, 690.0935609921607, 690.0935609921607, 690.0935609921607, 690.0935609921607, 690.0935609921607, 690.0935609921607, 690.0935609921607]
[686.6430931872, 686.6430931872, 686.6430931872, 686.6430931872, 686.6430931872, 686.6430931872, 686.6430931872, 686.6430931872, 686.6430931872, 686.6430931872]
[683.209877721264, 683.209877721264, 683.209877721264, 683.209877721264, 683.209877721264, 683.209877721264, 683.209877721264, 683.209877721264, 683.209877721264, 683.209877721264]
[679.7938283326577, 679.7938283326577, 679.7938283326577, 679.7938283326577, 679.7938283326577, 679.7938283326577, 679.7938283326577, 679.7938283326577, 679.7938283326577, 679.7938283326577]
[676.3948591909943, 676.3948591909943, 676.3948591909943, 676.3948591909943, 676.3948591909943, 676.3948591909943, 676.3948591909943, 676.3948591909943, 676.3948591909943, 676.3948591909943]
[673.0128848950394, 673.0128848950394, 673.0128848950394, 673.0128848950394, 673.0128848950394, 673.0128848950394, 673.0128848950394, 673.0128848950394, 673.0128848950394, 673.0128848950394]
[669.6478204705642, 669.6478204705642, 669.6478204705642, 669.6478204705642, 669.6478204705642, 669.6478204705642, 669.6478204705642, 669.6478204705642, 669.6478204705642, 669.6478204705642]
[666.2995813682113, 666.2995813682113, 666.2995813682113, 666.2995813682113, 666.2995813682113, 666.2995813682113, 666.2995813682113, 666.2995813682113, 666.2995813682113, 666.2995813682113]
[662.9680834613703, 662.9680834613703, 662.9680834613703, 662.9680834613703, 662.9680834613703, 662.9680834613703, 662.9680834613703, 662.9680834613703, 662.9680834613703, 662.9680834613703]
[659.6532430440634, 659.6532430440634, 659.6532430440634, 659.6532430440634, 659.6532430440634, 659.6532430440634, 659.6532430440634, 659.6532430440634, 659.6532430440634, 659.6532430440634]
[656.3549768288431, 656.3549768288431, 656.3549768288431, 656.3549768288431, 656.3549768288431, 656.3549768288431, 656.3549768288431, 656.3549768288431, 656.3549768288431, 656.3549768288431]
[653.0732019446989, 653.0732019446989, 653.0732019446989, 653.0732019446989, 653.0732019446989, 653.0732019446989, 653.0732019446989, 653.0732019446989, 653.0732019446989, 653.0732019446989]
[649.8078359349754, 649.8078359349754, 649.8078359349754, 649.8078359349754, 649.8078359349754, 649.8078359349754, 649.8078359349754, 649.8078359349754, 649.8078359349754, 649.8078359349754]
[646.5587967553005, 646.5587967553005, 646.5587967553005, 646.5587967553005, 646.5587967553005, 646.5587967553005, 646.5587967553005, 646.5587967553005, 646.5587967553005, 646.5587967553005]
[643.326002771524, 643.326002771524, 643.326002771524, 643.326002771524, 643.326002771524, 643.326002771524, 643.326002771524, 643.326002771524, 643.326002771524, 643.326002771524]
[640.1093727576664, 640.1093727576664, 640.1093727576664, 640.1093727576664, 640.1093727576664, 640.1093727576664, 640.1093727576664, 640.1093727576664, 640.1093727576664, 640.1093727576664]
[636.9088258938781, 636.9088258938781, 636.9088258938781, 636.9088258938781, 636.9088258938781, 636.9088258938781, 636.9088258938781, 636.9088258938781, 636.9088258938781, 636.9088258938781]
[633.7242817644087, 633.7242817644087, 633.7242817644087, 633.7242817644087, 633.7242817644087, 633.7242817644087, 633.7242817644087, 633.7242817644087, 633.7242817644087, 633.7242817644087]
[630.5556603555867, 630.5556603555867, 630.5556603555867, 630.5556603555867, 630.5556603555867, 630.5556603555867, 630.5556603555867, 630.5556603555867, 630.5556603555867, 630.5556603555867]
[627.4028820538088, 627.4028820538088, 627.4028820538088, 627.4028820538088, 627.4028820538088, 627.4028820538088, 627.4028820538088, 627.4028820538088, 627.4028820538088, 627.4028820538088]
[624.2658676435398, 624.2658676435398, 624.2658676435398, 624.2658676435398, 624.2658676435398, 624.2658676435398, 624.2658676435398, 624.2658676435398, 624.2658676435398, 624.2658676435398]
[621.144538305322, 621.144538305322, 621.144538305322, 621.144538305322, 621.144538305322, 621.144538305322, 621.144538305322, 621.144538305322, 621.144538305322, 621.144538305322]
[618.0388156137955, 618.0388156137955, 618.0388156137955, 618.0388156137955, 618.0388156137955, 618.0388156137955, 618.0388156137955, 618.0388156137955, 618.0388156137955, 618.0388156137955]
[614.9486215357265, 614.9486215357265, 614.9486215357265, 614.9486215357265, 614.9486215357265, 614.9486215357265, 614.9486215357265, 614.9486215357265, 614.9486215357265, 614.9486215357265]
[611.8738784280479, 611.8738784280479, 611.8738784280479, 611.8738784280479, 611.8738784280479, 611.8738784280479, 611.8738784280479, 611.8738784280479, 611.8738784280479, 611.8738784280479]
[608.8145090359077, 608.8145090359077, 608.8145090359077, 608.8145090359077, 608.8145090359077, 608.8145090359077, 608.8145090359077, 608.8145090359077, 608.8145090359077, 608.8145090359077]
[605.7704364907281, 605.7704364907281, 605.7704364907281, 605.7704364907281, 605.7704364907281, 605.7704364907281, 605.7704364907281, 605.7704364907281, 605.7704364907281, 605.7704364907281]
