[1000.0, 1000.0, 1000.0, 1000.0, 1000.0, 1000.0, 1000.0, 1000.0, 1000.0, 1000.0]
[995.0, 995.0, 995.0, 995.0, 995.0, 995.0, 995.0, 995.0, 995.0, 995.0]
[990.025, 990.025, 990.025, 990.025, 990.025, 990.025, 990.025, 990.025, 990.025, 990.025]
[985.074875, 985.074875, 985.074875, 985.074875, 985.074875, 985.074875, 985.074875, 985.074875, 985.074875, 985.074875]
[980.149500625, 980.149500625, 980.149500625, 980.149500625, 980.149500625, 980.149500625, 980.149500625, 980.149500625, 980.149500625, 980.149500625]
[975.248753121875, 975.248753121875, 975.248753121875, 975.248753121875, 975.248753121875, 975.248753121875, 975.248753121875, 975.248753121875, 975.248753121875, 975.248753121875]
[970.3725093562656, 970.3725093562656, 970.3725093562656, 970.3725093562656, 970.3725093562656, 970.3725093562656, 970.3725093562656, 970.3725093562656, 970.3725093562656, 970.3725093562656]
[965.5206468094842, 965.5206468094842, 965.5206468094842, 965.5206468094842, 965.5206468094842, 965.5206468094842, 965.5206468094842, 965.5206468094842, 965.5206468094842, 965.5206468094842]
[960.6930435754368, 960.6930435754368, 960.6930435754368, 960.6930435754368, 960.6930435754368, 960.6930435754368, 960.6930435754368, 960.6930435754368, 960.6930435754368, 960.6930435754368]
[955.8895783575597, 955.8895783575597, 955.8895783575597, 955.8895783575597, 955.8895783575597, 955.8895783575597, 955.8895783575597, 955.8895783575597, 955.8895783575597, 955.8895783575597]
[951.1101304657719, 951.1101304657719, 951.1101304657719, 951.1101304657719, 951.1101304657719, 951.1101304657719, 951.1101304657719, 951.1101304657719, 951.1101304657719, 951.1101304657719]
[946.354579813443, 946.354579813443, 946.354579813443, 946.354579813443, 946.354579813443, 946.354579813443, 946.354579813443, 946.354579813443, 946.354579813443, 946.354579813443]
[941.6228069143758, 941.6228069143758, 941.6228069143758, 941.6228069143758, 941.6228069143758, 941.6228069143758, 941.6228069143758, 941.6228069143758, 941.6228069143758, 941.6228069143758]
[936.914692879804, 936.914692879804, 936.914692879804, 936.914692879804, 936.914692879804, 936.914692879804, 936.914692879804, 936.914692879804, 936.914692879804, 936.914692879804]
[932.2301194154049, 932.2301194154049, 932.2301194154049, 932.2301194154049, 932.2301194154049, 932.2301194154049, 932.2301194154049, 932.2301194154049, 932.2301194154049, 932.2301194154049]
[927.5689688183279, 927.5689688183279, 927.5689688183279, 927.5689688183279, 927.5689688183279, 927.5689688183279, 927.5689688183279, 927.5689688183279, 927.5689688183279, 927.5689688183279]
[922.9311239742362, 922.9311239742362, 922.9311239742362, 922.9311239742362, 922.9311239742362, 922.9311239742362, 922.9311239742362, 922.9311239742362, 922.9311239742362, 922.9311239742362]
[918.316468354365, 918.316468354365, 918.316468354365, 918.316468354365, 918.316468354365, 918.316468354365, 918.316468354365, 918.316468354365, 918.316468354365, 918.316468354365]
[913.7248860125932, 913.7248860125932, 913.7248860125932, 913.7248860125932, 913.7248860125932, 913.7248860125932, 913.7248860125932, 913.7248860125932, 913.7248860125932, 913.7248860125932]
[909.1562615825302, 909.1562615825302, 909.1562615825302, 909.1562615825302, 909.1562615825302, 909.1562615825302, 909.1562615825302, 909.1562615825302, 909.1562615825302, 909.1562615825302]
[904.6104802746175, 904.6104802746175, 904.6104802746175, 904.6104802746175, 904.6104802746175, 904.6104802746175, 904.6104802746175, 16043.662168887957, 904.6104802746175, 904.6104802746175]
[900.0874278732445, 900.0874278732445, 900.0874278732445, 900.0874278732445, 900.0874278732445, 900.0874278732445, 900.0874278732445, 36543.59000439281, 900.0874278732445, 900.0874278732445]
[3407.9787713317596, 895.5869907338782, 895.5869907338782, 895.5869907338782, 895.5869907338782, 895.5869907338782, 895.5869907338782, 47054.511930795095, 3067.8259411817835, 895.5869907338782]
[3390.938877475101, 891.1090557802088, 891.1090557802088, 891.1090557802088, 891.1090557802088, 891.1090557802088, 891.1090557802088, 50684.12928392357, 3052.4868114758747, 891.1090557802088]
[8740.129409722942, 886.6535105013078, 886.6535105013078, 886.6535105013078, 886.6535105013078, 886.6535105013078, 886.6535105013078, 55954.37411786475, 8939.343814799222, 886.6535105013078]
[8696.428762674328, 8644.73132624308, 4213.3431903279625, 882.2202429488012, 882.2202429488012, 882.2202429488012, 882.2202429488012, 71328.60057339697, 12580.490552584593, 882.2202429488012]
[8652.946618860957, 8601.507669611865, 6993.0436814464465, 877.8091417340572, 877.8091417340572, 877.8091417340572, 877.8091417340572, 91563.32317210444, 15930.361204553046, 877.8091417340572]
[8609.681885766651, 9433.598068984471, 6958.0784630392145, 19573.0774823108, 873.4200960253869, 873.4200960253869, 13856.509219939144, 110318.3381978748, 22224.71536262042, 873.4200960253869]
[42329.827801142615, 30787.14957256766, 6923.288070724018, 38002.58990370502, 869.0529955452599, 2844.292833657536, 14556.040556510014, 116815.77103535707, 22113.59178580732, 869.0529955452599]
[42271.03419054176, 30633.213824704824, 15145.816602941339, 40418.31576115109, 864.7077305675336, 2830.0713694892484, 19451.64166740684, 117949.7077491642, 30223.788131942063, 7783.230420172625]
[45546.39273273153, 36117.33385893299, 15070.087519926632, 60288.862159506185, 5765.6454352074325, 8995.858175885736, 19354.383459069806, 121269.63979011969, 39105.06172234274, 7744.314268071762]
[46955.57669629022, 35936.74718963832, 14994.737082327, 59987.417848708654, 5736.817208031395, 8950.878885006308, 25024.947227619752, 123561.17850296732, 56534.89301500358, 7705.5926967314035]
[53759.17686891825, 35757.06345369013, 21661.889856231766, 64151.16522753413, 5708.133121991238, 13672.391736675632, 24899.822491481653, 122943.37261045248, 56252.21854992856, 7667.0647332477465]
[53907.34736507682, 36186.162858509655, 21553.58040695061, 63830.409401396464, 21537.306303557987, 13604.029777992255, 24775.323379024245, 122328.65574740022, 55970.95745717892, 7628.729409581508]
[53637.810628251435, 36005.232044217104, 21445.812504915855, 70876.37660158415, 21429.619772040198, 13536.009629102293, 24651.446762129122, 121717.01246866322, 55691.10266989302, 7590.5857625336]
[53369.62157511018, 41465.305371148745, 36876.692478954836, 70521.99471857623, 21322.471673179996, 13468.32958095678, 24528.18952831848, 121108.4274063199, 55412.64715654356, 7552.6328337209325]
[53102.77346723463, 60329.50758961104, 56944.254725464154, 70169.38474498334, 21215.859314814097, 13400.987933051996, 24405.548580676885, 120502.8852692883, 55135.58392076084, 7514.869669552328]
[57611.11033636046, 67804.62274676333, 61873.88291188941, 72326.13597795043, 32517.847170865527, 13333.982993386737, 24283.5208377735, 119900.37084294185, 54859.90600115703, 7477.295321204566]
[90807.25971797215, 97229.23725087251, 67712.17153640716, 71964.50529806067, 38866.71162163678, 13267.313078419804, 24162.103233584632, 119300.86898872713, 54585.606471151244, 7439.908844598543]
[104974.43330518666, 102782.08026236785, 74226.9720089781, 83987.81443665572, 38672.378063528595, 16388.526609715685, 26291.928101053934, 120212.87945975317, 54312.67843879549, 7402.70930037555]
[113100.37543545762, 103741.0522574023, 73855.83714893322, 83567.87536447245, 41620.31948962971, 23324.172264722027, 32919.76461788377, 124068.43146393292, 57471.397351372165, 7365.695753873672]
[116611.65193345302, 128279.67071627325, 74051.7236528396, 83150.03598765009, 55450.05204146287, 23207.55140339842, 48890.8372921852, 125053.89222561604, 57612.46428523238, 27725.457895439675]
[125423.71349955622, 146337.00552357358, 85228.49768560598, 84184.69319129651, 55172.801781255555, 34081.285050992024, 48646.38310572427, 124428.62276448797, 65335.12409065143, 33517.67036025069]
[144431.19916325415, 163675.65532118134, 92546.95672095296, 113915.06456969082, 55534.43176018269, 33910.87862573707, 48403.15119019565, 123806.47965066553, 65008.44847019817, 35745.81810647552]
[147233.59329933388, 191650.38576919388, 107942.95404633073, 122616.54949599356, 59611.80458068776, 33741.32423260838, 69627.16973003397, 123187.4472524122, 72624.03184767994, 59567.63389673932]
[156543.16868264455, 191790.67455481138, 113170.97727588635, 135008.85172743048, 78786.5639033887, 33572.617611445334, 81794.632155067, 122571.51001615013, 72260.91168844154, 61877.539096938985]
[161166.1285285717, 199733.0097175097, 120803.19146483448, 136007.38723483548, 84030.50273399138, 35183.098778999745, 82972.80045278829, 128213.8375054872, 80319.52725732684, 63354.7503579401]
[178497.66087237097, 203684.94266788886, 120199.17550751031, 137292.3499792062, 84825.09194943662, 38097.92404564545, 82557.93645052434, 139660.58315312988, 92549.349353563, 63037.9766061504]
[182995.18406232132, 202666.5179545494, 120916.75350057952, 136605.88822931016, 94677.84480706393, 53970.31042062618, 93716.79145388307, 141703.73112103573, 112038.65372414252, 66582.29167158587]
[193575.62178801518, 201653.18536477667, 126248.38506740084, 143452.9037457319, 94204.45558302861, 54714.5737341869, 93248.20749661366, 140995.21246543055, 122289.1528920809, 66249.38021322794]
[207370.59360481, 224431.48885708308, 125617.14314206384, 143816.19737024253, 93733.43330511347, 68243.48251781822, 105918.1681258218, 140911.04167104283, 121677.7071276205, 65918.1333121618]
[206333.74063678595, 266823.4286054778, 126682.37300664591, 160751.0415059276, 94690.67113493904, 67902.26510522913, 105388.57728519269, 141454.36872385602, 125605.73437831443, 65588.54264560099]
[207266.22552197438, 287836.72196130874, 126048.96114161269, 168375.99880542207, 95339.39720559206, 67562.753779703, 118228.11368636617, 244654.87542039796, 125718.00338359774, 65260.599932372985]
[215843.11070843122, 286814.5190301016, 130205.98495595697, 169491.08662703697, 94995.93240298952, 67224.94001080448, 117853.45939272929, 243431.60104329596, 127695.18124547032, 80734.93762340426]
[214763.89515488906, 293891.392023816, 134967.09149190583, 190818.8956774354, 107475.4929265633, 70011.26258364816, 117264.19209576564, 246238.79069933208, 130245.33647605489, 80331.26293528723]
[217669.60705386926, 298800.56188798964, 134292.2560344463, 189864.8011990482, 133193.66477253754, 69661.20627072992, 116677.87113528681, 259712.9860738679, 143978.70546746472, 79929.6066206108]
[225996.52022367518, 297306.5590785497, 133620.79475427407, 191036.829683911, 134439.90269575999, 69312.90023937626, 116094.48177961037, 258414.42114349856, 147068.46461665744, 79529.95858750775]
[225683.2858073243, 295820.02628315694, 132952.69078050271, 190081.64553549144, 135496.35529203035, 86800.44929019653, 115514.00937071232, 258108.71536418798, 151778.38614598394, 79132.30879457021]
[229588.0307331923, 297271.1968605823, 132287.9273266002, 228105.9231662469, 138474.66491128036, 89813.11727403077, 120386.42547017179, 263113.69289055874, 159700.7675589056, 78736.64725059737]
[241253.5388898586, 295784.84087627934, 152972.96469790384, 226965.39355041567, 137782.29158672396, 106152.28661455424, 126242.78777595816, 268941.336478094, 158902.26372111106, 78342.96401434438]
[240047.27119540932, 315694.2241301058, 154436.40384796352, 246796.89894651662, 141362.57815304046, 133596.16557759861, 125611.57383707837, 269457.1240500604, 158107.7524025055, 77951.24919427266]
[244921.21650797155, 320471.65729969955, 153664.2218287237, 245562.91445178405, 140655.76526227526, 140087.89458792578, 153693.0126305369, 268109.83842981013, 183033.7374234365, 89449.95105255336]
[269269.9677477332, 319674.68732639734, 194049.44805303172, 244335.09987952514, 140910.27777215515, 139387.45511498617, 168780.96021711756, 266769.28923766105, 182118.56873631934, 89002.7012972906]
[283732.80536154384, 323867.0432131096, 193079.20081276656, 248540.22263957773, 140205.7263832944, 139591.65090351776, 173494.75802777428, 275036.2805716495, 181207.97589263774, 88557.68779080414]
[311012.8949026859, 338433.8255745991, 192113.80480870273, 254989.13724764704, 139504.6977513779, 149565.3302656345, 180511.6332007389, 277416.130676446, 182242.4344051833, 99350.44436763528]
[341334.3112878627, 342109.82450290595, 191153.23578465922, 253714.1915614088, 148583.72130097184, 154877.86655833977, 181417.28209665534, 285070.7632423019, 201664.9029108166, 98853.6921457971]
[349710.8823538048, 345170.6398021031, 194559.29923359767, 255165.6458562378, 147840.80269446698, 154103.47722554806, 189757.4194021111, 299869.12194118125, 206870.5735291729, 98359.42368506812]
[350693.24934830144, 354315.0296885262, 194403.54790342625, 253889.81762695662, 147101.59868099465, 153332.95983942033, 188808.63230510053, 301852.63485962356, 207163.23368869745, 97867.62656664278]
[365668.5599470405, 353560.92023446417, 200660.62757409233, 257285.1766359714, 149915.3391918303, 162896.04886375583, 209937.45370885314, 300343.37168532546, 214952.26041230257, 97378.28843380956]
[363840.2171473053, 362113.0197988396, 206327.05656555842, 284107.2654201114, 149165.76249587117, 162081.56861943705, 208887.76644030886, 298841.6548268988, 304260.0403234663, 104129.48699483863]
[368783.81312237773, 362077.7836458375, 242000.53261633927, 282686.7290930109, 179481.90432847006, 161271.16077633988, 209920.82493908753, 297347.44655276433, 312901.8689222235, 105584.96600408878]
[366939.8940567658, 371162.3348425715, 255969.77858012434, 285233.3485452981, 178584.49480682772, 160464.80497245817, 208871.2208143921, 306955.6281740807, 312790.9190240815, 105057.04117406833]
[365105.194586482, 409053.72285263595, 264467.2516793935, 291385.2624764953, 177691.57233279358, 159662.48094759588, 207826.86471032014, 305420.8500332103, 318871.37608255685, 105893.39121172494]
[367068.133673867, 417225.38813514746, 275794.75885940104, 308797.8115032201, 177570.9834437194, 169425.9835255327, 213628.29756301545, 303893.74578304426, 320671.40138643177, 105363.92425566632]
[365232.79300549766, 433626.29687195166, 293813.13274289214, 307253.822445704, 176683.1285265008, 168578.85360790504, 216614.4887269915, 314082.934482338, 326480.78529780975, 104837.10463438799]
[366159.17342939274, 436259.97754030966, 292344.06707917765, 307413.67617084243, 175799.7128838683, 169109.42785282232, 219482.76304987844, 317238.4749446838, 325320.2971477708, 104312.91911121605]
[364328.37756224576, 441807.6917133395, 292987.98442091723, 310456.4592797618, 176988.23408631937, 177401.17332235002, 218385.34923462904, 315652.28256996034, 341958.0687384373, 103791.35451565997]
[368214.3710121017, 457105.27078983287, 295805.00841874274, 331380.05618192325, 176103.29291588778, 185448.5313077816, 217293.4224884559, 318849.5177970071, 342198.5440103529, 104264.50519958118]
[375061.1835287453, 456000.9796840347, 297560.36210542603, 332435.9467585862, 180013.23103548962, 187528.50931282758, 218695.92272348495, 319047.4665839397, 340487.55129030114, 103743.18267358327]
[373185.8776111016, 466220.4421000193, 297996.1051192526, 331364.635782129, 188007.39907481888, 189135.82028996115, 220646.8133672714, 322042.206852225, 340897.0227493412, 103224.46676021535]
[376888.7250182157, 473325.83293044445, 296506.12459365634, 329707.81260321836, 187067.36207944478, 196160.12667438865, 229345.7059955607, 347254.4016888453, 344622.11460438825, 102708.34442641427]
[376160.7902906802, 482056.4971271731, 300278.304815642, 328684.4179141984, 186132.02526904756, 202108.771742681, 228198.9774655829, 345518.12968040106, 342899.0040313663, 102194.8027042822]
[379954.10657684744, 479646.2146415372, 304858.7590613454, 329557.78788465104, 185201.36514270233, 203418.94235993008, 227057.98257825497, 343790.53903199907, 341184.5090112095, 101683.8286907608]
[411186.95339189924, 478915.39583802625, 303334.4652660387, 327909.99894522777, 188903.3102602815, 210358.2416044469, 238937.98941326237, 342071.5863368391, 339478.58646615344, 101175.40954730699]
[416640.351404805, 489655.15731962555, 301817.7929397085, 329000.77700725396, 187958.79370898008, 209306.45039642465, 251492.27540980274, 345130.00262219144, 337781.19353382266, 100669.53249957046]
[415768.1899363147, 495100.24718099786, 300308.70397500996, 343072.76232955925, 187018.9997404352, 220926.33778485656, 285305.98904260236, 343404.3526090805, 336092.28756615357, 100166.18483707261]
[433336.05069349974, 500062.9457051643, 298807.16045513493, 354955.57702020876, 187605.2861233616, 219821.70609593228, 288210.3165540281, 344085.5276719009, 335597.1860685472, 99665.35391288725]
[450497.7345297322, 501642.6531451529, 302858.6002813458, 353180.7991351077, 186667.25969274482, 235782.1600522611, 294876.49254379864, 343686.52396218, 336688.92552319873, 99774.65509717405]
[451338.08553720324, 500453.76637311844, 301344.30727993906, 352903.2033498359, 188227.01800204962, 234603.2492519998, 296658.9069013808, 347047.828789237, 336644.7096838475, 100481.45415988732]
[453932.1207165255, 502340.31584653805, 307323.899931197, 356024.5217883933, 203045.24698661984, 233430.2330057398, 302044.62930038205, 345875.10037780594, 342910.19190408057, 104093.37398838955]
[453389.2297429166, 499828.61426730535, 310770.1988195167, 356958.11576799786, 202030.02075168674, 241750.23311718722, 301583.6550520683, 347702.74523395125, 355673.568093485, 103946.99579494292]
[451568.311111767, 505960.59673857753, 310619.9034494708, 355173.32518915785, 205849.99540400476, 248828.44369385712, 300075.7367768079, 348050.10758897185, 354932.8565441774, 103427.26081596821]
[454686.01535183116, 514138.39996128285, 315791.23257173086, 365551.49904532405, 212647.89587171964, 274719.36537798314, 298575.3580929239, 350792.8473695407, 365697.05084978364, 102910.12451188837]
[456071.4448077013, 511567.7079614764, 319113.5219487588, 388682.33263335464, 211584.65639236104, 273345.76855109324, 305543.3380870974, 367773.8320286204, 363868.56559553475, 102395.57388932892]
[453791.08758366277, 509009.86942166905, 329089.17237397574, 386738.9209701879, 210526.73311039922, 271979.03970833775, 304923.60415794764, 374797.6453398548, 375357.94003593613, 108353.50007778357]
[451522.13214574446, 508530.49673014594, 351618.6274073334, 384805.2263653369, 209474.09944484723, 271466.6782993385, 303398.9861371579, 376797.01560397673, 375513.0638794376, 107811.73257739465]
[455133.5251459647, 523232.013211535, 349860.53427029675, 387330.8118994877, 211390.49463910545, 280177.31919025496, 306988.9678082112, 383946.04764796677, 373635.49856004043, 107272.67391450767]
[452857.8575202349, 526487.6031190597, 373594.2734570553, 386620.8789932814, 214961.6361434329, 281587.6405609204, 305454.0229691702, 388534.294626889, 371767.3210672402, 106736.31054493513]
[460157.1009442979, 525204.1056714127, 372907.31384166767, 393210.29967471777, 213886.82796271573, 280620.5608868456, 303926.75285432435, 386591.62315375457, 379508.4123932453, 106202.62899221045]
[469079.41407408845, 522578.0851430556, 410941.57798678597, 391244.2481763442, 212817.39382290214, 282986.1520399874, 309238.0635448977, 384658.6650379858, 377783.0219638752, 107622.87143875906]
[488047.9641273723, 527641.3461626362, 428583.3676015602, 390428.32664736436, 212844.62984562464, 281571.2212797874, 309337.9363321632, 390480.1089574513, 375894.10685405583, 107084.75708156526]
