[1000.0, 1000.0, 1000.0, 1000.0, 1000.0, 1000.0, 1000.0, 1000.0, 1000.0, 1000.0]
[995.0, 995.0, 995.0, 995.0, 995.0, 995.0, 995.0, 995.0, 995.0, 995.0]
[990.025, 990.025, 990.025, 990.025, 990.025, 990.025, 990.025, 990.025, 990.025, 990.025]
[985.074875, 985.074875, 985.074875, 985.074875, 985.074875, 985.074875, 985.074875, 985.074875, 985.074875, 985.074875]
[980.149500625, 980.149500625, 980.149500625, 980.149500625, 980.149500625, 980.149500625, 980.149500625, 980.149500625, 980.149500625, 980.149500625]
[975.248753121875, 975.248753121875, 975.248753121875, 975.248753121875, 975.248753121875, 975.248753121875, 975.248753121875, 975.248753121875, 975.248753121875, 975.248753121875]
[970.3725093562656, 970.3725093562656, 970.3725093562656, 970.3725093562656, 970.3725093562656, 970.3725093562656, 970.3725093562656, 970.3725093562656, 970.3725093562656, 970.3725093562656]
[965.5206468094842, 965.5206468094842, 965.5206468094842, 17407.489101176365, 965.5206468094842, 965.5206468094842, 965.5206468094842, 965.5206468094842, 965.5206468094842, 965.5206468094842]
[960.6930435754368, 960.6930435754368, 960.6930435754368, 29905.352806748124, 960.6930435754368, 960.6930435754368, 960.6930435754368, 960.6930435754368, 960.6930435754368, 960.6930435754368]
[955.8895783575597, 955.8895783575597, 955.8895783575597, 45292.753824635, 955.8895783575597, 955.8895783575597, 955.8895783575597, 955.8895783575597, 955.8895783575597, 955.8895783575597]
[951.1101304657719, 951.1101304657719, 951.1101304657719, 45066.290055511825, 951.1101304657719, 951.1101304657719, 951.1101304657719, 951.1101304657719, 951.1101304657719, 951.1101304657719]
[946.354579813443, 946.354579813443, 946.354579813443, 44840.958605234264, 946.354579813443, 946.354579813443, 946.354579813443, 946.354579813443, 946.354579813443, 946.354579813443]
[941.6228069143758, 941.6228069143758, 941.6228069143758, 44616.753812208095, 941.6228069143758, 941.6228069143758, 941.6228069143758, 941.6228069143758, 941.6228069143758, 941.6228069143758]
[936.914692879804, 936.914692879804, 936.914692879804, 44393.67004314705, 936.914692879804, 936.914692879804, 936.914692879804, 936.914692879804, 4567.357761180714, 936.914692879804]
[932.2301194154049, 932.2301194154049, 932.2301194154049, 44171.70169293132, 932.2301194154049, 932.2301194154049, 932.2301194154049, 932.2301194154049, 4544.52097237481, 932.2301194154049]
[927.5689688183279, 927.5689688183279, 927.5689688183279, 43950.84318446666, 927.5689688183279, 927.5689688183279, 927.5689688183279, 927.5689688183279, 8752.054824564173, 927.5689688183279]
[922.9311239742362, 922.9311239742362, 922.9311239742362, 43731.08896854433, 922.9311239742362, 922.9311239742362, 922.9311239742362, 922.9311239742362, 8708.294550441353, 922.9311239742362]
[918.316468354365, 918.316468354365, 918.316468354365, 43512.43352370161, 918.316468354365, 918.316468354365, 918.316468354365, 918.316468354365, 8664.753077689145, 918.316468354365]
[913.7248860125932, 913.7248860125932, 913.7248860125932, 43294.8713560831, 913.7248860125932, 913.7248860125932, 913.7248860125932, 913.7248860125932, 8621.4293123007, 913.7248860125932]
[909.1562615825302, 909.1562615825302, 909.1562615825302, 43078.396999302684, 909.1562615825302, 909.1562615825302, 909.1562615825302, 909.1562615825302, 8578.322165739195, 909.1562615825302]
[904.6104802746175, 904.6104802746175, 904.6104802746175, 42863.00501430617, 904.6104802746175, 904.6104802746175, 904.6104802746175, 904.6104802746175, 8535.4305549105, 904.6104802746175]
[900.0874278732445, 900.0874278732445, 900.0874278732445, 42648.689989234634, 900.0874278732445, 900.0874278732445, 900.0874278732445, 900.0874278732445, 8492.753402135946, 900.0874278732445]
[895.5869907338782, 895.5869907338782, 895.5869907338782, 42435.44653928846, 895.5869907338782, 895.5869907338782, 895.5869907338782, 895.5869907338782, 8450.289635125266, 895.5869907338782]
[891.1090557802088, 891.1090557802088, 891.1090557802088, 42223.26930659202, 891.1090557802088, 891.1090557802088, 891.1090557802088, 891.1090557802088, 8408.03818694964, 891.1090557802088]
[886.6535105013078, 886.6535105013078, 886.6535105013078, 42012.15296005906, 886.6535105013078, 886.6535105013078, 886.6535105013078, 886.6535105013078, 8365.997996014892, 886.6535105013078]
[882.2202429488012, 882.2202429488012, 882.2202429488012, 41802.09219525876, 882.2202429488012, 882.2202429488012, 882.2202429488012, 882.2202429488012, 8324.168006034817, 882.2202429488012]
[877.8091417340572, 877.8091417340572, 877.8091417340572, 41593.08173428247, 877.8091417340572, 877.8091417340572, 877.8091417340572, 877.8091417340572, 8282.547166004642, 877.8091417340572]
[873.4200960253869, 873.4200960253869, 873.4200960253869, 41385.11632561105, 873.4200960253869, 873.4200960253869, 873.4200960253869, 873.4200960253869, 8241.13443017462, 6936.996959237512]
[869.0529955452599, 869.0529955452599, 869.0529955452599, 41178.190743982996, 869.0529955452599, 869.0529955452599, 869.0529955452599, 869.0529955452599, 8199.928758023747, 6902.311974441324]
[864.7077305675336, 864.7077305675336, 864.7077305675336, 40972.29979026308, 864.7077305675336, 864.7077305675336, 864.7077305675336, 864.7077305675336, 8158.929114233628, 41438.330755726696]
[860.384191914696, 860.384191914696, 860.384191914696, 40767.438291311766, 860.384191914696, 860.384191914696, 860.384191914696, 860.384191914696, 8118.13446866246, 49574.05193417352]
[856.0822709551225, 856.0822709551225, 856.0822709551225, 40563.60109985521, 856.0822709551225, 856.0822709551225, 856.0822709551225, 856.0822709551225, 10624.533484556241, 51118.14860277261]
[851.8018596003468, 851.8018596003468, 851.8018596003468, 40360.78309435593, 851.8018596003468, 851.8018596003468, 851.8018596003468, 851.8018596003468, 13397.366144240556, 50862.55785975875]
[847.5428503023451, 847.5428503023451, 847.5428503023451, 40158.979178884154, 847.5428503023451, 847.5428503023451, 847.5428503023451, 847.5428503023451, 13330.379313519352, 50608.24507045996]
[843.3051360508333, 843.3051360508333, 843.3051360508333, 39958.184282989736, 843.3051360508333, 843.3051360508333, 843.3051360508333, 843.3051360508333, 13263.727416951755, 50355.20384510766]
[839.0886103705791, 839.0886103705791, 839.0886103705791, 39758.39336157479, 839.0886103705791, 839.0886103705791, 839.0886103705791, 839.0886103705791, 13197.408779866997, 50103.42782588212]
[834.8931673187262, 834.8931673187262, 834.8931673187262, 39559.60139476691, 834.8931673187262, 834.8931673187262, 834.8931673187262, 834.8931673187262, 13131.421735967662, 49852.91068675271]
[830.7187014821326, 830.7187014821326, 830.7187014821326, 39361.80338779308, 830.7187014821326, 830.7187014821326, 830.7187014821326, 830.7187014821326, 13065.764627287825, 49603.64613331894]
[826.565107974722, 826.565107974722, 826.565107974722, 39164.99437085411, 826.565107974722, 826.565107974722, 826.565107974722, 826.565107974722, 13000.435804151386, 49355.62790265235]
[822.4322824348484, 822.4322824348484, 822.4322824348484, 38969.16939899984, 822.4322824348484, 822.4322824348484, 822.4322824348484, 822.4322824348484, 12935.433625130629, 49108.849763139086]
[818.3201210226741, 818.3201210226741, 818.3201210226741, 38774.32355200484, 818.3201210226741, 818.3201210226741, 818.3201210226741, 818.3201210226741, 12870.756457004976, 48863.30551432339]
[814.2285204175607, 814.2285204175607, 814.2285204175607, 38580.45193424482, 814.2285204175607, 814.2285204175607, 814.2285204175607, 814.2285204175607, 12806.402674719951, 48618.98898675177]
[810.157377815473, 810.157377815473, 810.157377815473, 38387.549674573595, 810.157377815473, 810.157377815473, 810.157377815473, 810.157377815473, 12742.370661346351, 48375.894041818014]
[806.1065909263956, 806.1065909263956, 806.1065909263956, 38195.61192620073, 806.1065909263956, 806.1065909263956, 806.1065909263956, 806.1065909263956, 12678.65880803962, 48134.014571608925]
[802.0760579717636, 802.0760579717636, 802.0760579717636, 38004.633866569726, 802.0760579717636, 802.0760579717636, 802.0760579717636, 802.0760579717636, 12615.265513999422, 47893.34449875088]
[798.0656776819047, 798.0656776819047, 798.0656776819047, 37814.61069723688, 798.0656776819047, 798.0656776819047, 798.0656776819047, 798.0656776819047, 12552.189186429425, 47653.877776257126]
[794.0753492934952, 794.0753492934952, 794.0753492934952, 37625.53764375069, 794.0753492934952, 794.0753492934952, 794.0753492934952, 794.0753492934952, 12489.428240497278, 47415.60838737584]
[790.1049725470277, 790.1049725470277, 790.1049725470277, 37437.40995553194, 790.1049725470277, 790.1049725470277, 790.1049725470277, 790.1049725470277, 12426.981099294791, 47178.53034543896]
[786.1544476842926, 786.1544476842926, 786.1544476842926, 37250.22290575428, 786.1544476842926, 786.1544476842926, 786.1544476842926, 786.1544476842926, 12364.846193798317, 46942.63769371176]
[782.2236754458711, 782.2236754458711, 782.2236754458711, 37063.97179122551, 782.2236754458711, 782.2236754458711, 782.2236754458711, 782.2236754458711, 12303.021962829325, 46707.9245052432]
[778.3125570686417, 778.3125570686417, 778.3125570686417, 36878.65193226938, 778.3125570686417, 778.3125570686417, 778.3125570686417, 778.3125570686417, 12241.506853015178, 46474.384882716986]
[774.4209942832985, 774.4209942832985, 774.4209942832985, 36694.25867260803, 774.4209942832985, 774.4209942832985, 774.4209942832985, 774.4209942832985, 12180.299318750103, 46242.0129583034]
[770.5488893118819, 770.5488893118819, 770.5488893118819, 36510.78737924499, 770.5488893118819, 770.5488893118819, 770.5488893118819, 770.5488893118819, 12119.397822156352, 46010.802893511885]
[766.6961448653225, 766.6961448653225, 766.6961448653225, 36328.23344234876, 766.6961448653225, 766.6961448653225, 766.6961448653225, 766.6961448653225, 12058.80083304557, 45780.748879044324]
[762.8626641409959, 762.8626641409959, 762.8626641409959, 36146.592275137016, 762.8626641409959, 762.8626641409959, 762.8626641409959, 762.8626641409959, 11998.506828880343, 45551.845134649106]
[759.0483508202909, 759.0483508202909, 759.0483508202909, 35965.85931376133, 759.0483508202909, 759.0483508202909, 759.0483508202909, 759.0483508202909, 11938.514294735942, 45324.08590897586]
[755.2531090661895, 755.2531090661895, 755.2531090661895, 35786.03001719252, 755.2531090661895, 755.2531090661895, 755.2531090661895, 755.2531090661895, 11878.821723262263, 45097.46547943098]
[751.4768435208586, 751.4768435208586, 751.4768435208586, 35607.09986710655, 751.4768435208586, 751.4768435208586, 751.4768435208586, 751.4768435208586, 11819.427614645952, 44871.97815203383]
[747.7194593032542, 747.7194593032542, 747.7194593032542, 35429.06436777102, 747.7194593032542, 747.7194593032542, 747.7194593032542, 747.7194593032542, 11760.330476572723, 44647.61826127366]
[743.980862006738, 743.980862006738, 743.980862006738, 35251.91904593216, 743.980862006738, 743.980862006738, 743.980862006738, 743.980862006738, 11701.52882418986, 44424.38016996729]
[740.2609576967043, 740.2609576967043, 740.2609576967043, 35075.6594507025, 740.2609576967043, 740.2609576967043, 740.2609576967043, 740.2609576967043, 11643.02118006891, 44202.258269117454]
[736.5596529082208, 736.5596529082208, 736.5596529082208, 34900.28115344899, 736.5596529082208, 736.5596529082208, 736.5596529082208, 736.5596529082208, 11584.806074168566, 43981.246977771865]
[732.8768546436796, 732.8768546436796, 732.8768546436796, 34725.77974768174, 732.8768546436796, 732.8768546436796, 732.8768546436796, 732.8768546436796, 11526.882043797723, 43761.340742883]
[729.2124703704612, 729.2124703704612, 729.2124703704612, 34552.15084894333, 729.2124703704612, 729.2124703704612, 729.2124703704612, 729.2124703704612, 11469.247633578734, 43542.53403916859]
[725.566408018609, 725.566408018609, 725.566408018609, 34379.39009469862, 725.566408018609, 725.566408018609, 725.566408018609, 725.566408018609, 11411.901395410841, 43324.82136897275]
[721.9385759785159, 721.9385759785159, 721.9385759785159, 34207.493144225125, 721.9385759785159, 721.9385759785159, 721.9385759785159, 721.9385759785159, 11354.841888433788, 43108.197262127884]
[718.3288830986234, 718.3288830986234, 718.3288830986234, 34036.455678504, 718.3288830986234, 718.3288830986234, 718.3288830986234, 718.3288830986234, 11298.06767899162, 42892.656275817244]
[714.7372386831303, 714.7372386831303, 714.7372386831303, 33866.27340011147, 714.7372386831303, 714.7372386831303, 714.7372386831303, 714.7372386831303, 11241.577340596661, 42678.192994438155]
[711.1635524897147, 711.1635524897147, 711.1635524897147, 33696.942033110914, 711.1635524897147, 711.1635524897147, 711.1635524897147, 711.1635524897147, 11185.369453893678, 42464.802029465965]
[707.6077347272661, 707.6077347272661, 707.6077347272661, 33528.45732294536, 707.6077347272661, 707.6077347272661, 707.6077347272661, 707.6077347272661, 11129.44260662421, 42252.47801931864]
[704.0696960536297, 704.0696960536297, 704.0696960536297, 33360.815036330634, 704.0696960536297, 704.0696960536297, 704.0696960536297, 704.0696960536297, 11073.79539359109, 42041.215629222046]
[700.5493475733616, 700.5493475733616, 700.5493475733616, 33194.01096114898, 700.5493475733616, 700.5493475733616, 700.5493475733616, 700.5493475733616, 11018.426416623135, 41831.009551075935]
[697.0466008354948, 697.0466008354948, 697.0466008354948, 33028.04090634324, 697.0466008354948, 697.0466008354948, 697.0466008354948, 697.0466008354948, 10963.33428454002, 41621.85450332055]
[693.5613678313173, 693.5613678313173, 693.5613678313173, 32862.90070181152, 693.5613678313173, 693.5613678313173, 693.5613678313173, 693.5613678313173, 10908.51761311732, 41413.74523080395]
[690.0935609921607, 690.0935609921607, 690.0935609921607, 32698.586198302466, 690.0935609921607, 690.0935609921607, 690.0935609921607, 690.0935609921607, 10853.975025051734, 41206.67650464993]
[686.6430931872, 686.6430931872, 686.6430931872, 32535.093267310953, 686.6430931872, 686.6430931872, 686.6430931872, 686.6430931872, 10799.705149926474, 41000.643122126676]
[683.209877721264, 683.209877721264, 683.209877721264, 32372.4178009744, 683.209877721264, 683.209877721264, 683.209877721264, 683.209877721264, 10745.706624176843, 40795.639906516044]
[679.7938283326577, 679.7938283326577, 679.7938283326577, 32210.555711969526, 679.7938283326577, 679.7938283326577, 679.7938283326577, 679.7938283326577, 10691.978091055958, 40591.66170698346]
[676.3948591909943, 676.3948591909943, 676.3948591909943, 32049.50293340968, 676.3948591909943, 676.3948591909943, 676.3948591909943, 676.3948591909943, 10638.518200600678, 40388.703398448546]
[673.0128848950394, 673.0128848950394, 673.0128848950394, 31889.255418742632, 673.0128848950394, 673.0128848950394, 673.0128848950394, 673.0128848950394, 10585.325609597674, 40186.7598814563]
[669.6478204705642, 669.6478204705642, 669.6478204705642, 31729.80914164892, 669.6478204705642, 669.6478204705642, 669.6478204705642, 669.6478204705642, 10532.398981549686, 39985.82608204902]
[666.2995813682113, 666.2995813682113, 666.2995813682113, 31571.160095940675, 666.2995813682113, 666.2995813682113, 666.2995813682113, 666.2995813682113, 10479.736986641938, 39785.89695163877]
[662.9680834613703, 662.9680834613703, 662.9680834613703, 31413.30429546097, 662.9680834613703, 662.9680834613703, 662.9680834613703, 662.9680834613703, 10427.338301708727, 39586.96746688058]
[659.6532430440634, 659.6532430440634, 659.6532430440634, 31256.237773983667, 659.6532430440634, 659.6532430440634, 659.6532430440634, 659.6532430440634, 10375.201610200183, 39389.03262954618]
[656.3549768288431, 656.3549768288431, 656.3549768288431, 31099.95658511375, 656.3549768288431, 656.3549768288431, 656.3549768288431, 656.3549768288431, 10323.325602149183, 39192.08746639845]
[653.0732019446989, 653.0732019446989, 653.0732019446989, 30944.45680218818, 653.0732019446989, 653.0732019446989, 653.0732019446989, 653.0732019446989, 10271.708974138437, 38996.12702906646]
[649.8078359349754, 649.8078359349754, 649.8078359349754, 30789.734518177236, 649.8078359349754, 649.8078359349754, 649.8078359349754, 649.8078359349754, 10220.350429267744, 38801.14639392113]
[646.5587967553005, 646.5587967553005, 646.5587967553005, 30635.78584558635, 646.5587967553005, 646.5587967553005, 646.5587967553005, 646.5587967553005, 10169.248677121406, 38607.140661951526]
[643.326002771524, 643.326002771524, 643.326002771524, 30482.606916358418, 643.326002771524, 643.326002771524, 643.326002771524, 643.326002771524, 10118.402433735799, 38414.104958641765]
[640.1093727576664, 640.1093727576664, 640.1093727576664, 30330.193881776628, 640.1093727576664, 640.1093727576664, 640.1093727576664, 640.1093727576664, 10067.81042156712, 38222.03443384856]
[636.9088258938781, 636.9088258938781, 636.9088258938781, 30178.542912367746, 636.9088258938781, 636.9088258938781, 636.9088258938781, 636.9088258938781, 10017.471369459283, 38030.92426167932]
[633.7242817644087, 633.7242817644087, 633.7242817644087, 30027.650197805906, 633.7242817644087, 633.7242817644087, 633.7242817644087, 633.7242817644087, 9967.384012611987, 37840.76964037093]
[630.5556603555867, 630.5556603555867, 630.5556603555867, 29877.511946816878, 630.5556603555867, 630.5556603555867, 630.5556603555867, 630.5556603555867, 9917.547092548926, 37651.56579216907]
[627.4028820538088, 627.4028820538088, 627.4028820538088, 29728.124387082793, 627.4028820538088, 627.4028820538088, 627.4028820538088, 627.4028820538088, 9867.959357086182, 37463.30796320823]
[624.2658676435398, 624.2658676435398, 624.2658676435398, 29579.48376514738, 624.2658676435398, 624.2658676435398, 624.2658676435398, 624.2658676435398, 9818.61956030075, 37275.99142339219]
[621.144538305322, 621.144538305322, 621.144538305322, 29431.58634632164, 621.144538305322, 621.144538305322, 621.144538305322, 621.144538305322, 9769.526462499247, 37089.61146627523]
[618.0388156137955, 618.0388156137955, 618.0388156137955, 29284.42841459003, 618.0388156137955, 618.0388156137955, 618.0388156137955, 618.0388156137955, 9720.678830186751, 36904.16340894385]
[614.9486215357265, 614.9486215357265, 614.9486215357265, 29138.00627251708, 614.9486215357265, 614.9486215357265, 614.9486215357265, 614.9486215357265, 9672.075436035817, 36719.64259189913]
[611.8738784280479, 611.8738784280479, 611.8738784280479, 28992.316241154494, 611.8738784280479, 611.8738784280479, 611.8738784280479, 611.8738784280479, 9623.715058855638, 36536.04437893964]
[608.8145090359077, 608.8145090359077, 608.8145090359077, 28847.354659948724, 608.8145090359077, 608.8145090359077, 608.8145090359077, 608.8145090359077, 9575.59648356136, 36353.36415704494]
[605.7704364907281, 605.7704364907281, 605.7704364907281, 28703.11788664898, 605.7704364907281, 605.7704364907281, 605.7704364907281, 605.7704364907281, 9527.718501143552, 36171.597336259714]
