[1000.0, 1000.0, 1000.0, 1000.0, 1000.0, 1000.0, 1000.0, 1000.0, 1000.0, 1000.0]
[995.0, 995.0, 995.0, 995.0, 995.0, 995.0, 995.0, 995.0, 995.0, 995.0]
[990.025, 990.025, 990.025, 990.025, 990.025, 990.025, 990.025, 990.025, 990.025, 990.025]
[985.074875, 985.074875, 985.074875, 985.074875, 985.074875, 985.074875, 985.074875, 985.074875, 985.074875, 985.074875]
[980.149500625, 980.149500625, 980.149500625, 980.149500625, 980.149500625, 980.149500625, 980.149500625, 980.149500625, 980.149500625, 980.149500625]
[975.248753121875, 975.248753121875, 975.248753121875, 975.248753121875, 975.248753121875, 975.248753121875, 975.248753121875, 975.248753121875, 975.248753121875, 975.248753121875]
[970.3725093562656, 970.3725093562656, 970.3725093562656, 970.3725093562656, 970.3725093562656, 970.3725093562656, 970.3725093562656, 970.3725093562656, 970.3725093562656, 970.3725093562656]
[965.5206468094842, 965.5206468094842, 965.5206468094842, 965.5206468094842, 965.5206468094842, 965.5206468094842, 965.5206468094842, 965.5206468094842, 965.5206468094842, 965.5206468094842]
[960.6930435754368, 960.6930435754368, 960.6930435754368, 960.6930435754368, 960.6930435754368, 960.6930435754368, 960.6930435754368, 960.6930435754368, 960.6930435754368, 960.6930435754368]
[955.8895783575597, 955.8895783575597, 955.8895783575597, 955.8895783575597, 955.8895783575597, 955.8895783575597, 955.8895783575597, 955.8895783575597, 955.8895783575597, 955.8895783575597]
[951.1101304657719, 951.1101304657719, 951.1101304657719, 951.1101304657719, 951.1101304657719, 951.1101304657719, 951.1101304657719, 951.1101304657719, 951.1101304657719, 951.1101304657719]
[946.354579813443, 946.354579813443, 946.354579813443, 946.354579813443, 946.354579813443, 946.354579813443, 946.354579813443, 946.354579813443, 946.354579813443, 946.354579813443]
[941.6228069143758, 941.6228069143758, 941.6228069143758, 941.6228069143758, 941.6228069143758, 941.6228069143758, 941.6228069143758, 941.6228069143758, 941.6228069143758, 941.6228069143758]
[936.914692879804, 936.914692879804, 936.914692879804, 936.914692879804, 936.914692879804, 936.914692879804, 936.914692879804, 936.914692879804, 936.914692879804, 936.914692879804]
[932.2301194154049, 932.2301194154049, 932.2301194154049, 932.2301194154049, 932.2301194154049, 932.2301194154049, 932.2301194154049, 932.2301194154049, 932.2301194154049, 932.2301194154049]
[927.5689688183279, 927.5689688183279, 927.5689688183279, 927.5689688183279, 927.5689688183279, 927.5689688183279, 927.5689688183279, 927.5689688183279, 927.5689688183279, 927.5689688183279]
[922.9311239742362, 922.9311239742362, 922.9311239742362, 922.9311239742362, 922.9311239742362, 922.9311239742362, 922.9311239742362, 922.9311239742362, 922.9311239742362, 922.9311239742362]
[918.316468354365, 918.316468354365, 918.316468354365, 918.316468354365, 918.316468354365, 918.316468354365, 918.316468354365, 918.316468354365, 918.316468354365, 918.316468354365]
[913.7248860125932, 913.7248860125932, 913.7248860125932, 913.7248860125932, 913.7248860125932, 913.7248860125932, 913.7248860125932, 913.7248860125932, 913.7248860125932, 913.7248860125932]
[909.1562615825302, 909.1562615825302, 909.1562615825302, 909.1562615825302, 909.1562615825302, 909.1562615825302, 909.1562615825302, 909.1562615825302, 909.1562615825302, 909.1562615825302]
[904.6104802746175, 904.6104802746175, 904.6104802746175, 904.6104802746175, 904.6104802746175, 904.6104802746175, 904.6104802746175, 904.6104802746175, 904.6104802746175, 904.6104802746175]
[900.0874278732445, 900.0874278732445, 900.0874278732445, 900.0874278732445, 900.0874278732445, 900.0874278732445, 900.0874278732445, 900.0874278732445, 900.0874278732445, 900.0874278732445]
[895.5869907338782, 895.5869907338782, 895.5869907338782, 895.5869907338782, 895.5869907338782, 895.5869907338782, 895.5869907338782, 895.5869907338782, 895.5869907338782, 895.5869907338782]
[891.1090557802088, 891.1090557802088, 891.1090557802088, 891.1090557802088, 891.1090557802088, 891.1090557802088, 891.1090557802088, 891.1090557802088, 891.1090557802088, 891.1090557802088]
[886.6535105013078, 886.6535105013078, 886.6535105013078, 1853.4139427621267, 886.6535105013078, 886.6535105013078, 886.6535105013078, 886.6535105013078, 886.6535105013078, 886.6535105013078]
[882.2202429488012, 882.2202429488012, 882.2202429488012, 1844.1468730483161, 882.2202429488012, 882.2202429488012, 882.2202429488012, 882.2202429488012, 882.2202429488012, 882.2202429488012]
[877.8091417340572, 877.8091417340572, 877.8091417340572, 1834.9261386830747, 877.8091417340572, 877.8091417340572, 877.8091417340572, 877.8091417340572, 877.8091417340572, 877.8091417340572]
[873.4200960253869, 873.4200960253869, 873.4200960253869, 1825.7515079896593, 873.4200960253869, 873.4200960253869, 873.4200960253869, 8353.40034309689, 873.4200960253869, 873.4200960253869]
[869.0529955452599, 869.0529955452599, 869.0529955452599, 1816.622750449711, 869.0529955452599, 869.0529955452599, 869.0529955452599, 18287.12627365174, 869.0529955452599, 869.0529955452599]
[864.7077305675336, 864.7077305675336, 864.7077305675336, 1807.5396366974624, 864.7077305675336, 864.7077305675336, 864.7077305675336, 23867.878736510473, 4308.1688833331345, 864.7077305675336]
[860.384191914696, 860.384191914696, 860.384191914696, 1798.5019385139751, 860.384191914696, 2728.5410534630105, 4393.4591065346585, 47529.52531045805, 4286.6280389164685, 860.384191914696]
[856.0822709551225, 856.0822709551225, 856.0822709551225, 6557.378274839163, 856.0822709551225, 2714.8983481956952, 9901.910298245992, 49750.88753466405, 16649.287257547716, 856.0822709551225]
[851.8018596003468, 2717.7955158909026, 851.8018596003468, 6524.591383464967, 851.8018596003468, 2701.323856454717, 17895.881209585517, 53631.14292193176, 16566.040821259976, 851.8018596003468]
[847.5428503023451, 2704.206538311448, 5002.11921485571, 9864.218889362868, 1602.5895335550333, 2687.817237172443, 20120.645237055778, 53362.9872073221, 19977.25559129373, 847.5428503023451]
[843.3051360508333, 3936.99665688974, 7241.247417351603, 9814.897794916054, 1594.576585887258, 2674.3781509865807, 20020.0420108705, 53096.17227128549, 19877.36931333726, 843.3051360508333]
[839.0886103705791, 3917.311673605291, 7205.041180264845, 11787.214403464804, 1586.6037029578217, 2661.006260231648, 19919.94180081615, 52830.69140992906, 19777.982466770576, 839.0886103705791]
[3278.087054331142, 3897.7251152372646, 7169.01597436352, 27034.827057759598, 1578.6706844430325, 2647.70122893049, 19820.34209181207, 52566.537952879415, 19679.092554436724, 834.8931673187262]
[3261.6966190594862, 11501.895358599373, 23972.743731526178, 27344.40504275539, 1570.7773310208174, 2634.4627227858373, 19721.240381353007, 52303.705263115015, 19580.69709166454, 830.7187014821326]
[3245.3881359641887, 29626.07676137681, 27881.636211925055, 31287.915293008475, 1562.9234443657133, 2621.2904091719083, 19622.634179446242, 52042.18673679944, 19482.793606206218, 826.565107974722]
[16855.935800242754, 29477.946377569926, 30541.796304542288, 34516.79301430175, 9827.36865503318, 3882.229676059802, 19524.52100854901, 51781.97580311544, 19385.379638175185, 4036.4243698113996]
[18713.867103964134, 31771.847104747154, 58896.425236970776, 34344.209049230245, 9778.231811758014, 4460.5677479274, 22291.34790973718, 51523.065924099865, 19288.45273998431, 4016.242247962343]
[23481.635025060077, 38046.60856775778, 62103.80983749357, 34172.488003984094, 9729.340652699224, 4438.264909187763, 22179.891170188494, 60263.88451684209, 26730.78439848586, 3996.161036722531]
[23364.226849934777, 37856.37552491899, 65748.81485792864, 41329.42707828958, 18369.54420413993, 4416.073584641824, 22068.99171433755, 69572.52391336462, 27289.585259053674, 9959.88189806954]
[23247.405715685105, 37667.093647294394, 65420.07078363899, 43468.82146142102, 23386.520690643327, 5113.0593504649005, 22882.44855071774, 71647.89529102048, 27657.569328494003, 14600.985628467184]
[23131.168687106678, 37478.75817905792, 65092.97042972079, 55051.6215166632, 36078.64462079927, 5087.494053712576, 38277.50938954375, 91912.31066880227, 30162.761795594874, 17749.93964768286]
[23015.512843671146, 49903.41398499866, 65972.64446096847, 54776.36340907989, 36421.752669749454, 5062.056583444013, 43246.527402888685, 92101.61944334401, 30011.9479866169, 54868.36619231352]
[26833.96019111194, 55435.96790389078, 66396.37257940388, 92922.2705644583, 42866.418378284565, 5036.746300526793, 43030.29476587424, 106238.31387924176, 29861.888246683815, 55683.57094493806]
[26699.79039015638, 55777.37529839991, 66064.39071650685, 92457.65921163601, 44768.514631036414, 5011.562569024159, 46083.46668744107, 111465.4285875588, 41094.84061071227, 62081.69744139325]
[28440.35588060018, 55498.48842190791, 65734.06876292432, 102188.29746951711, 49459.42144850826, 4986.504756179038, 63017.75733002175, 110908.101444621, 91363.71201342814, 62192.36500859007]
[31482.719726041254, 55220.99597979837, 65405.3984191097, 106003.30949668214, 65982.98023585822, 56680.080734901014, 63612.427072902756, 110353.5609373979, 92461.34329602975, 61881.403183547125]
[45654.7282609602, 57256.79988351519, 66271.72325934861, 108339.10884769875, 76872.87723726573, 58683.863770521464, 66913.2394457047, 112857.7122243183, 91999.0365795496, 61571.99616762939]
[45426.45461965539, 58769.997134197176, 67033.917942804, 120345.95072037906, 79887.61381341834, 63550.56072785513, 66578.67324847617, 113570.30310505524, 95717.65492998458, 61264.13618679124]
[53562.454128076715, 66820.89321982514, 66698.74835308998, 119744.22096677717, 87941.1639829581, 73869.80529961016, 66245.7798822338, 122375.34624680696, 105666.96859445039, 60957.81550585729]
[56271.2567865453, 73952.44431939814, 66365.25461132453, 119145.49986194329, 89172.4723057276, 76495.15590990333, 68322.76626708648, 121763.46951557293, 105525.97122490506, 68801.04230043716]
[65619.35315538224, 82594.69595206768, 68568.47437838269, 118549.77236263356, 90494.47595170932, 88770.46001378802, 71415.67410159895, 121154.65216799507, 108817.2140153866, 82355.90728905005]
[72952.21589123599, 93932.25254166368, 74405.83027284603, 117957.0235008204, 90042.00357195077, 97690.13974266437, 71058.59573109096, 122536.37207464456, 115996.1904010233, 87170.27130703474]
[73159.08312020905, 93948.75420971772, 82717.05484774355, 118232.51794166924, 91914.3113636913, 105550.518154793, 78308.40109326507, 124753.44073439862, 119214.75250153635, 86734.41995049956]
[78411.60567655497, 98015.07575475135, 82303.46957350483, 117641.3553519609, 91876.71817936306, 105022.76556401904, 81892.04999371647, 124129.67353072664, 125071.15334992894, 86300.74785074707]
[78019.5476481722, 97525.00037597759, 81891.9522256373, 117053.14857520109, 112934.63630232672, 104497.65173619894, 89147.06211156573, 127811.74308112616, 129834.87592379375, 85869.24411149333]
[77629.44990993134, 98145.98593635992, 95867.22522433144, 124217.4894180069, 120331.36972180166, 103975.16347751794, 93522.86918347632, 130975.21496491556, 129185.70154417478, 85439.89789093587]
[77241.30266038168, 99993.16271038086, 95387.88909820978, 123596.40197091686, 119729.71287319265, 110023.68029812581, 98014.66931704165, 133689.95534860805, 137658.21818188395, 85012.69840148119]
[76855.09614707978, 99493.19689682896, 102781.89908154981, 129409.06175151105, 121026.79365955376, 129580.36922042054, 118838.3017101995, 149185.39306085525, 136969.92709097452, 87038.02970385944]
[76470.82066634439, 100488.94561438331, 102267.98958614207, 135748.4942173354, 126298.09192400241, 131600.30077605843, 122880.51170771415, 151867.16749371975, 138199.14909292627, 86602.83955534015]
[82383.6985913605, 124471.82995307987, 105283.21073958525, 140703.4718682673, 148133.78571319315, 144505.15656935892, 122266.10914917558, 151107.83165625116, 145174.81616363706, 100768.39776654752]
[84672.12975607066, 123849.47080331447, 122379.99214601242, 145525.12937082828, 154989.56824666657, 145100.23512769231, 121654.7786034297, 152302.09320901748, 144448.9420828189, 102053.682378509]
[87975.19930252533, 123230.2234492979, 125615.59404353722, 203908.85118827035, 170117.5652440944, 153315.5455693739, 145083.75931418804, 151540.5827429724, 143726.6973724048, 101543.41396661646]
[97677.92501099186, 144347.341969585, 124987.51607331954, 239397.70691445543, 180377.35107460618, 201544.96277936664, 145823.7508811679, 165015.3886331304, 151331.3555971213, 101035.69689678337]
[97189.5353859369, 152289.5853131341, 133629.9246863458, 239682.38123163287, 185581.63935339087, 216249.6896596754, 145094.63212676207, 183682.26348425396, 152873.2878877452, 101953.01699585177]
[110292.54565450213, 152397.6471765689, 138431.0157116026, 240240.9673911008, 192163.5666167453, 222707.02520928046, 144369.15896612825, 184637.3393804982, 175876.37877118998, 106305.52872451124]
[118707.39680315157, 151635.65894068606, 149714.8242123419, 244873.42855984013, 196201.67378854437, 225048.132274342, 149879.60401155442, 183714.1526835957, 193247.06012622564, 105774.00108088869]
[118113.85981913582, 152598.6827183598, 151108.33377878577, 243649.06141704094, 215372.0810440749, 248655.46080279906, 149130.20599149665, 184185.57138605425, 198373.17414095564, 105245.13107548424]
[129346.77166989878, 161062.11013173504, 158753.64543995884, 248554.93343325908, 225667.12777299446, 247671.833710153, 151575.91815144007, 183264.64352912398, 197381.30827025085, 105799.85814698946]
[129948.21713487005, 160256.79958107637, 157959.87721275905, 251152.75659659127, 232617.43112887436, 254965.87481895013, 152789.91918928767, 182348.32031147837, 196394.4017288996, 105270.8588562545]
[133070.94219841223, 159455.51558317099, 161384.00534245916, 257988.53193975397, 242986.51539863888, 265159.1392976766, 153339.2380962442, 182825.09052043216, 200056.77048500697, 104744.50456197323]
[157324.9060187266, 166402.59024038035, 168880.09397708022, 256926.2709654744, 261626.9016114924, 264443.0227325904, 153333.1284367375, 186395.5833484416, 205201.16089915944, 105016.54874914348]
[156538.28148863296, 172729.77526016193, 172370.57543594847, 262368.9926370359, 263757.16020253935, 266672.69957994705, 152566.4627945538, 194355.5669781347, 212532.49583301324, 105206.57303045351]
[160040.2212913399, 182550.69991131456, 172946.5935048848, 298802.70927899703, 266237.97784474876, 265339.3360820473, 158402.51966496423, 193383.78914324404, 211469.83335384817, 107978.83799489106]
[159240.0201848832, 190180.1543401781, 176257.32565238638, 297308.69573260203, 267694.2163934293, 265145.85804253916, 163436.72452511278, 199323.88279254216, 210412.48418707892, 107954.05256889728]
[158443.8200839588, 192734.11747382957, 206387.53853019496, 295822.152253939, 266355.74531146215, 294499.4821923772, 179395.98150439947, 198327.26337857946, 215371.15389301835, 132073.12600093463]
[157651.600983539, 191770.4468864604, 207639.13882487908, 314735.948808788, 267188.21717767953, 303495.6926022309, 178499.00159687747, 202557.04613282738, 225465.62217716128, 136372.18955763103]
[158492.38563025807, 195885.51940204285, 214068.1402474579, 317890.9197231094, 269399.77738690644, 301978.2141392197, 177606.50658889307, 203938.82664757938, 227116.66959301897, 135690.32860984287]
[158282.87069226982, 201722.16984509706, 212997.7995462206, 326694.35230433417, 268052.7784999719, 333019.6285734485, 178843.58590315978, 202919.13251434147, 225981.08624505388, 135011.87696679364]
[160829.79615171187, 222480.79944624528, 211932.8105484895, 325060.8805428125, 267746.11219814356, 331354.53043058125, 179938.5105536509, 201904.53685176978, 230222.9564696716, 141747.93494905095]
[160025.6471709533, 304278.82079948357, 215949.42428982764, 333710.013469852, 266407.38163715287, 332172.1773640263, 179038.81800088266, 211967.32961178213, 256300.3835963255, 142914.0269287149]
[160430.89520087605, 304810.2102153349, 217759.44072632786, 335321.7082112892, 265075.3447289671, 330511.3164772062, 197842.25489178626, 213920.3452505896, 259053.1683697509, 142199.45679407133]
[168254.12467033416, 303286.1591642582, 224491.45657561952, 334364.3547065915, 265402.3704642057, 328858.75989482016, 205745.7350638821, 227650.7204230748, 257757.90252790216, 141488.45951010098]
[167412.85404698248, 303744.9744902507, 228516.8677243863, 347922.7918913205, 275716.497828124, 331328.945854246, 210930.49087262465, 231876.07027985493, 264908.74652975675, 142508.53479269973]
[166575.78977674758, 302226.2496177994, 233327.20562299388, 353654.78638652264, 274337.91533898335, 336373.0302756819, 216792.1103019949, 234465.58140429636, 265377.4274498792, 143774.01341615507]
[165742.91082786385, 304504.13144346426, 235043.63959489873, 369424.209847935, 272966.22576228844, 335555.59880368196, 222579.03409995683, 240815.9449172146, 264810.7504550119, 143055.1433490743]
[173560.6817302245, 302981.61078624695, 233868.42139692424, 374253.18995255354, 271601.394633477, 336331.76825613837, 221466.13892945705, 239611.86519262852, 268259.29434794973, 144732.51681813636]
[173419.4755799637, 301466.7027323157, 246426.84232930787, 380501.4914690869, 271465.2591317662, 334650.1094148577, 220358.80823480978, 238413.80586666538, 267582.27106021275, 153568.50573686915]
[179314.7279042201, 299959.3692186541, 246572.78195661114, 388069.3986601857, 271903.48041670036, 333708.75996341265, 219257.01419363572, 237221.73683733205, 280248.5372934342, 161276.80382441144]
[179824.17616724566, 299861.30944020575, 245339.9180468281, 395637.9248773422, 270543.96301461686, 332040.2161635956, 218160.72912266754, 240580.3957616079, 281096.3077578549, 160470.4198052894]
[178925.05528640942, 298860.38741625956, 262519.8793112547, 405320.8818330545, 272981.58796885447, 339739.8860099598, 217534.92953502305, 239377.49378279987, 298149.2570072052, 159668.06770626295]
[195659.97691229658, 329589.7604179991, 261207.27991469845, 405134.95782169735, 275229.60302193294, 340332.6621412856, 218891.00019646768, 239276.44879766353, 305300.2457538167, 160404.96928794082]
[196385.62699722103, 339024.0016281227, 259901.24351512495, 403109.28303258884, 284951.79566067155, 338630.99883057916, 228468.59574410281, 238322.11080818495, 335077.8403816164, 163173.87021452372]
[195403.69886223492, 347642.9837129509, 265761.17863733013, 401093.73661742586, 302709.89674690436, 337216.8861003124, 227326.2527653823, 237130.50025414402, 335566.0669738913, 169475.99068284963]
[210624.21473133494, 353694.1515118334, 264432.3727441435, 399088.2679343387, 349878.16724541696, 340386.7631821268, 239172.99815721344, 240441.04660816092, 333888.23663902184, 168628.61072943537]
[222286.55646904156, 366710.3393027891, 264973.8557679641, 397092.82659466704, 376205.41144305153, 338684.82936621614, 237977.13316642737, 239238.8413751201, 335537.6929114596, 167785.46767578818]
[222912.63176064807, 367900.0874018512, 263648.98648912425, 395107.3624616937, 376316.4829895642, 342115.8428817172, 236787.24750059523, 244537.38719682896, 348775.4728169124, 166946.54033740924]
[221798.06860184483, 367337.84823719226, 266648.35561665404, 393131.8256493852, 374434.9005746164, 342733.13896633143, 235603.31126309224, 250770.47595670947, 360836.96856389963, 168047.29269752817]
