[1000.0, 1000.0, 1000.0, 1000.0, 1000.0, 1000.0, 1000.0, 1000.0, 1000.0, 1000.0]
[995.0, 995.0, 995.0, 995.0, 995.0, 995.0, 995.0, 995.0, 995.0, 995.0]
[990.025, 990.025, 990.025, 990.025, 990.025, 990.025, 990.025, 990.025, 990.025, 990.025]
[985.074875, 985.074875, 985.074875, 985.074875, 985.074875, 985.074875, 985.074875, 985.074875, 985.074875, 985.074875]
[980.149500625, 980.149500625, 980.149500625, 980.149500625, 980.149500625, 980.149500625, 980.149500625, 980.149500625, 980.149500625, 980.149500625]
[975.248753121875, 975.248753121875, 975.248753121875, 975.248753121875, 975.248753121875, 975.248753121875, 975.248753121875, 975.248753121875, 975.248753121875, 975.248753121875]
[970.3725093562656, 970.3725093562656, 970.3725093562656, 970.3725093562656, 970.3725093562656, 970.3725093562656, 970.3725093562656, 970.3725093562656, 970.3725093562656, 970.3725093562656]
[965.5206468094842, 965.5206468094842, 965.5206468094842, 965.5206468094842, 965.5206468094842, 965.5206468094842, 965.5206468094842, 965.5206468094842, 965.5206468094842, 965.5206468094842]
[960.6930435754368, 960.6930435754368, 960.6930435754368, 960.6930435754368, 960.6930435754368, 960.6930435754368, 960.6930435754368, 960.6930435754368, 960.6930435754368, 960.6930435754368]
[955.8895783575597, 955.8895783575597, 955.8895783575597, 955.8895783575597, 955.8895783575597, 955.8895783575597, 955.8895783575597, 955.8895783575597, 955.8895783575597, 955.8895783575597]
[951.1101304657719, 951.1101304657719, 951.1101304657719, 951.1101304657719, 951.1101304657719, 951.1101304657719, 951.1101304657719, 951.1101304657719, 951.1101304657719, 951.1101304657719]
[946.354579813443, 946.354579813443, 946.354579813443, 946.354579813443, 946.354579813443, 946.354579813443, 946.354579813443, 946.354579813443, 946.354579813443, 946.354579813443]
[941.6228069143758, 941.6228069143758, 941.6228069143758, 941.6228069143758, 941.6228069143758, 941.6228069143758, 941.6228069143758, 941.6228069143758, 941.6228069143758, 941.6228069143758]
[936.914692879804, 936.914692879804, 936.914692879804, 936.914692879804, 936.914692879804, 936.914692879804, 936.914692879804, 936.914692879804, 936.914692879804, 936.914692879804]
[932.2301194154049, 932.2301194154049, 932.2301194154049, 932.2301194154049, 932.2301194154049, 932.2301194154049, 932.2301194154049, 932.2301194154049, 932.2301194154049, 932.2301194154049]
[927.5689688183279, 927.5689688183279, 927.5689688183279, 927.5689688183279, 927.5689688183279, 927.5689688183279, 927.5689688183279, 927.5689688183279, 927.5689688183279, 927.5689688183279]
[922.9311239742362, 922.9311239742362, 922.9311239742362, 922.9311239742362, 922.9311239742362, 922.9311239742362, 922.9311239742362, 922.9311239742362, 922.9311239742362, 922.9311239742362]
[918.316468354365, 918.316468354365, 918.316468354365, 918.316468354365, 918.316468354365, 918.316468354365, 918.316468354365, 918.316468354365, 918.316468354365, 918.316468354365]
[913.7248860125932, 913.7248860125932, 913.7248860125932, 913.7248860125932, 913.7248860125932, 913.7248860125932, 913.7248860125932, 913.7248860125932, 913.7248860125932, 913.7248860125932]
[909.1562615825302, 909.1562615825302, 909.1562615825302, 909.1562615825302, 909.1562615825302, 909.1562615825302, 909.1562615825302, 909.1562615825302, 909.1562615825302, 909.1562615825302]
[904.6104802746175, 904.6104802746175, 904.6104802746175, 904.6104802746175, 904.6104802746175, 904.6104802746175, 904.6104802746175, 904.6104802746175, 904.6104802746175, 904.6104802746175]
[900.0874278732445, 900.0874278732445, 900.0874278732445, 900.0874278732445, 900.0874278732445, 900.0874278732445, 900.0874278732445, 900.0874278732445, 11036.238905039723, 900.0874278732445]
[895.5869907338782, 895.5869907338782, 11781.720524153403, 895.5869907338782, 895.5869907338782, 895.5869907338782, 895.5869907338782, 895.5869907338782, 10981.057710514524, 895.5869907338782]
[891.1090557802088, 891.1090557802088, 11722.811921532635, 891.1090557802088, 891.1090557802088, 891.1090557802088, 891.1090557802088, 11074.838487455854, 10926.152421961951, 891.1090557802088]
[886.6535105013078, 886.6535105013078, 14207.479539607717, 886.6535105013078, 886.6535105013078, 886.6535105013078, 15995.18449223518, 19862.37092501181, 10871.521659852142, 886.6535105013078]
[882.2202429488012, 882.2202429488012, 14136.442141909678, 882.2202429488012, 882.2202429488012, 7049.9027317130785, 20667.520045974437, 19763.059070386753, 10817.164051552882, 882.2202429488012]
[877.8091417340572, 877.8091417340572, 14065.75993120013, 877.8091417340572, 877.8091417340572, 11125.557207781269, 20564.182445744565, 21673.076042433375, 11970.839632548232, 877.8091417340572]
[873.4200960253869, 873.4200960253869, 16772.43001624532, 873.4200960253869, 873.4200960253869, 11644.770776904877, 20461.361533515843, 27250.46236111655, 11910.985434385491, 873.4200960253869]
[869.0529955452599, 869.0529955452599, 16688.567866164092, 869.0529955452599, 869.0529955452599, 11586.546923020353, 21166.894225797114, 40296.929417179694, 12058.180240266733, 869.0529955452599]
[864.7077305675336, 864.7077305675336, 16605.125026833273, 864.7077305675336, 864.7077305675336, 29419.147478105846, 21061.059754668127, 60176.758287466786, 11997.8893390654, 864.7077305675336]
[860.384191914696, 860.384191914696, 16522.099401699106, 860.384191914696, 15771.39315629092, 54436.210023151376, 21371.16727266393, 83971.71287681253, 14579.40714720759, 4515.756134080142]
[856.0822709551225, 856.0822709551225, 16439.48890469061, 856.0822709551225, 23390.946607619968, 69531.29682832402, 22822.108523404884, 86514.0088914092, 51591.3351214245, 4493.177353409741]
[7847.020325233938, 851.8018596003468, 16357.291460167156, 851.8018596003468, 23273.99187458187, 125064.66551511575, 48402.06437218892, 97646.00451188239, 61487.49358344973, 10970.022223799722]
[12957.262909595529, 847.5428503023451, 16275.50500286632, 2353.5373588535303, 23157.621915208958, 124439.34218754017, 54224.107051041785, 97157.77448932298, 66868.87546770525, 15983.243273834574]
[15482.253094566744, 11143.515023659289, 16194.12747785199, 2341.7696720592626, 23041.833805632912, 142352.2529594229, 68192.95637153092, 97238.18452908631, 67360.47814331464, 17829.3678558537]
[15404.84182909391, 11087.797448540992, 18219.25538348518, 2330.0608236989665, 56097.30708060365, 146270.45296862302, 67851.99158967327, 99751.98829376769, 67023.67575259806, 18587.462374371305]
[15327.81761994844, 12064.837908653024, 19221.601030528644, 13597.477176317589, 62345.8413621448, 156458.79581071506, 77731.29064878347, 112597.32728475473, 70350.17269554062, 21818.02390552505]
[15251.178531848698, 20472.656952317317, 19791.587708827974, 32805.799142579985, 62034.11215533407, 163273.30730599017, 77342.63419553955, 117240.20638919453, 69998.42183206292, 21708.933785997426]
[22224.374037926627, 25723.597431052513, 23837.400865267857, 42869.69289390929, 61723.9415945574, 180773.97616876877, 76955.92102456185, 116654.00535724856, 76147.24499719015, 21600.38911706744]
[22113.252167736995, 32806.97749046089, 55154.05218001995, 42655.34442943974, 61929.41327902416, 179870.10628792492, 76571.14141943904, 116070.73533046232, 81020.91726351739, 23867.835148384314]
[22002.68590689831, 34447.345116975404, 64355.42267472578, 51746.29045818186, 63383.220391515926, 178970.7557564853, 76188.28571234184, 119631.58926482752, 87098.33553168051, 23748.49597264239]
[27093.571481111234, 34275.108391390524, 76903.85660098575, 52821.143523978324, 65859.9652005401, 178075.9019777029, 112212.43793331165, 119136.88681141629, 89574.23653085712, 23629.75349277918]
[26958.103623705676, 36579.35759594387, 82015.92389121054, 54194.995755408825, 79575.77133669305, 177185.5224678144, 118314.18140294842, 118541.20237735921, 89126.36534820283, 23511.604725315283]
[26823.31310558715, 38516.7757591416, 88281.50000101063, 53924.02077663178, 83216.97694167888, 193485.65844949512, 121870.96755823129, 119802.17847627735, 92854.95916804967, 23394.046701688705]
[26689.196540059213, 38324.19188034589, 87840.09250100558, 64794.6347131666, 98019.39415491337, 204846.13020502919, 124672.64308826058, 123259.1071670505, 96592.47557692774, 24566.165045142305]
[26555.750557358915, 38132.57092094416, 90036.7138312135, 70810.98824607195, 101429.53067926406, 204103.57127872063, 130904.64878701225, 122642.81163121526, 97390.92457021793, 28327.534572523924]
[28533.108928065034, 55128.532626591565, 101848.33573187991, 73066.58029997382, 116767.92650401813, 205775.64688543076, 132524.97103348482, 122029.59757305917, 96903.96994736684, 28185.896899661304]
[28390.44338342471, 64658.57785064127, 103001.29568287545, 75785.16252383792, 121182.73767454241, 205490.9046735071, 131862.34617831738, 144931.44139430282, 107486.29682148319, 28044.967415163]
[30103.22375976317, 64335.28496138806, 102486.28920446108, 87944.92143319202, 144110.51193633326, 209532.66514614774, 147037.34370356012, 154405.44874017415, 106948.86533737577, 32307.203749269313]
[29952.707640964352, 68150.12393738393, 122252.8162844577, 87505.19682602606, 149655.5612720242, 209675.0731156772, 153873.64461209503, 155475.9614861989, 108723.01311511899, 33792.186081492044]
[33217.97940229679, 68367.80860434791, 124922.1046568323, 91510.70731612138, 167545.31804301433, 212948.52999935052, 153104.27638903455, 156829.48887248556, 111132.17153233111, 33623.22515108458]
[42162.14689983273, 68025.96956132617, 142507.65110114, 100035.58299842982, 168689.78159795975, 212224.50599511372, 152338.75500708938, 156632.82229535977, 112397.4272283618, 33455.10902532916]
[41951.33616533357, 70750.06996776725, 146218.27080244236, 114639.2533684806, 169677.41914287617, 241307.61781159116, 154275.38436721588, 155849.65818388297, 117260.83072111767, 33287.83348020251]
[43715.09439690357, 86551.39302437635, 145487.17944843016, 140710.00131106173, 179077.5361161136, 244330.61254954885, 153504.0074453798, 165181.46537773308, 134854.5345038871, 33121.3943128015]
[43496.51892491905, 88441.23773752686, 144759.743551188, 143004.01325931065, 179537.1126638234, 243940.73175481352, 152736.4874081529, 169065.2188820633, 134180.26183136765, 32955.7873412375]
[49667.48804433757, 97646.89910542198, 149481.15168698796, 142288.9931930141, 178639.42710050428, 259619.7558054776, 161166.879048595, 180033.30425154892, 162908.00222248302, 32791.00840453131]
[57682.564572193485, 103046.04749795582, 153674.5479040804, 141577.54822704903, 177746.22996500175, 258321.6570264502, 171443.98972743272, 198971.52485440555, 170270.5668027326, 32627.053362508657]
[68514.65972354602, 104832.74833854697, 152906.17516456, 144003.51269883156, 176857.49881517675, 263501.1336124445, 176655.9655235309, 201807.8279134926, 170788.4783453388, 32463.918095696114]
[71108.35362763278, 110481.20031326033, 152141.6442887372, 155479.91229361904, 175973.21132110085, 267224.7282492173, 182413.3041303718, 205123.29814185842, 169934.53595361213, 51806.82059680243]
[83409.99556106619, 109928.79431169403, 152445.36210777957, 154702.51273215094, 178189.60302932528, 265888.6046079712, 183004.87194868314, 219455.01375839635, 171405.46214422188, 51547.786493818414]
[88551.16349811823, 109379.15034013556, 167887.76224294718, 155620.736537579, 192011.49599295435, 269042.6136438715, 188743.55923335027, 218357.73868960436, 175735.33526859237, 51290.047561349325]
[107431.08891494022, 117671.21522890899, 168529.82235496058, 161810.51143219453, 191051.43851298958, 267697.40057565214, 200173.7447702822, 219953.09083239804, 174856.6585922494, 54830.546964148896]
[108133.30097330561, 117082.85915276445, 194176.47598898158, 161001.45887503357, 190096.18132042463, 266358.91357277386, 200333.54430427102, 228632.24003187905, 181017.83548202034, 54556.39422932815]
[114486.50972275012, 122031.72233627526, 195837.83336694827, 179087.57082748314, 189145.70041382252, 265027.11900491, 199331.87658274968, 239395.2940807235, 180112.74630461025, 56175.22081322083]
[129223.75130040359, 121421.56372459389, 194858.64420011351, 189423.37211495906, 194837.2274404833, 266398.72709276294, 198335.21719983593, 238198.3176103199, 179212.1825730872, 55894.34470915473]
[140462.75264221008, 123176.24381689358, 195407.24242515353, 194802.03883522374, 205805.84717220606, 266745.6733106121, 201384.39163395576, 237007.3260222683, 178316.12166022175, 55614.872985608956]
[145485.21531516916, 123276.65702644121, 194430.20621302776, 193828.02864104763, 210938.58735234966, 269962.3851721214, 205113.01980350877, 239706.13023310577, 178859.95186244193, 55336.798620680915]
[145182.15797839468, 122660.273741309, 201694.17674573863, 192858.8884978424, 211660.606000015, 275041.5943866595, 204087.45470449122, 261200.1997506816, 192008.88769140522, 55060.11462757751]
[152998.47745084882, 127016.76685109812, 205779.02146678767, 198134.21474766484, 210602.30297001492, 283770.7305019154, 214275.59088555802, 262999.03895059874, 195334.9106343818, 54784.81405443962]
[152233.48506359456, 126381.68301684262, 238962.74910865177, 205332.08702516695, 210742.31728154846, 282351.8768494058, 213204.21293113023, 274908.0642748689, 197390.15978542654, 54510.88998416743]
[151472.31763827658, 125749.77460175841, 268816.30485089694, 206063.05949240093, 214751.2603098927, 280940.1174651588, 212138.19186647458, 364371.80241157423, 217685.30287070913, 54238.335534246595]
[150714.9560500852, 166212.42882096118, 271417.0269218276, 208009.56006712012, 226822.25214927524, 280654.22846954677, 226962.11275341696, 362549.94339951634, 216596.87635635558, 53967.14385657536]
[158559.96975061772, 172563.89822067175, 270059.94178721844, 220285.67824006703, 227636.3985729191, 285332.7863987343, 225827.30218964987, 360737.1936825188, 215513.8919745738, 53697.308137292486]
[165260.1877228489, 175013.7283346632, 270164.586741112, 219421.2586890203, 227579.64566793918, 289340.7211664734, 224698.16567870163, 358933.5077141062, 214436.32251470094, 53428.82159660602]
[175600.9523963387, 174927.1895031182, 296371.8780948954, 218324.1523955752, 226441.74743959948, 287894.01756064105, 237337.7379185711, 357707.21435427846, 218914.94620407355, 53161.67748862299]
[176478.00868998465, 174052.55355560262, 324946.70835526317, 217232.5316335973, 225309.53870240148, 306532.5893355544, 236151.04922897826, 355918.67828250705, 238051.4449972855, 58522.114221024385]
[200938.01312604942, 206523.57476730298, 332707.08232974284, 216146.36897542933, 224182.99100888948, 339393.2347876289, 234970.29398283336, 371516.1609167573, 242998.5886633998, 63202.004463422025]
[201571.04346844222, 237622.41136967385, 338310.03412367543, 220138.16469467233, 227973.4740071668, 372143.75599203043, 240144.68075962883, 387069.53938170423, 247606.3872132449, 62885.994441104915]
[203391.85457089206, 236434.2993128255, 385264.7700912736, 225665.76898730602, 226833.60663713096, 372162.95713306323, 254205.5474183123, 385641.7863268161, 253384.73038095198, 62571.56446889939]
[247931.28723405095, 235252.12781626137, 386524.7684828453, 224537.44014236948, 226761.51182956446, 370302.1423473979, 277164.58228823275, 399689.6730230448, 285099.4860635048, 62258.70664655489]
[246691.6307978807, 234075.86717718007, 384592.14464043104, 226065.15416343522, 225627.70427041664, 368450.63163566095, 277046.0062197552, 401785.74135162187, 283673.9886331873, 83591.31417619872]
[245458.1726438913, 232905.48784129418, 395067.7784066092, 235908.37837520777, 224499.56574906455, 375872.19563257846, 293739.3548303984, 407768.4715032646, 289454.2141309568, 86618.27167483405]
[254592.23735715562, 241812.93735667603, 397445.2724035755, 241260.82454555275, 231242.12344626768, 383120.09696723125, 295122.7646434562, 405729.6291457483, 291267.24895520846, 86185.18031645988]
[254660.03993727424, 260367.43728153626, 409071.56750978035, 241957.6901327126, 231562.6512733271, 382343.9724923348, 319392.5246197735, 408974.0011984493, 310903.13733716065, 86676.158065982]
[255410.0468886958, 259065.60009512858, 410775.70248839486, 244378.49284922134, 248663.4382057646, 381911.3664524597, 320658.0107700876, 406929.13119245705, 309348.62165047484, 86242.77727565209]
[256829.69206055766, 266306.422054415, 421245.32246218924, 245126.101087694, 257200.596244421, 391752.4761471008, 323862.7173461231, 404894.48553649476, 307801.8785422225, 85811.56338927383]
[255545.54360025487, 270425.2271354548, 420009.5950188227, 249721.88773179468, 259158.57231946022, 418084.31607964647, 330295.98841664067, 407851.8761022824, 327806.3834480046, 85382.50557232746]
[254267.8158822536, 269073.10099977755, 425879.63724822225, 254496.82346874784, 257862.77945786293, 429002.76202231046, 336794.0876926013, 405812.61672177096, 334105.2351866861, 84955.59304446582]
[262433.0051205538, 274092.92498006433, 433756.2692333021, 254079.93657205318, 256573.46556057362, 432099.5934985298, 343014.18612062983, 405204.1364946486, 332434.7090107527, 84530.81507924349]
[263348.5660247449, 282471.95954794105, 439322.01140074566, 252809.5368891929, 255290.59823277075, 435687.38939281064, 341299.1151900267, 405274.6062756013, 333906.6112172865, 84108.16100384727]
[262031.82319462116, 289207.24176120077, 437603.0837824477, 253087.54969458518, 263578.3420874118, 436049.9708167803, 364333.7754487875, 405465.6224283298, 332237.07816120004, 86465.29011181221]
[260721.66407864806, 291217.1749014152, 446255.74977373314, 258196.15358501257, 268157.97039688204, 433869.72096269636, 367364.1835819814, 459893.5799178309, 337462.3981807554, 94699.77165830316]
[262653.5018792596, 294104.1056796717, 444024.47102486447, 258507.91170449244, 307402.847865493, 431700.37235788285, 366842.5322407331, 466472.5393770653, 337316.417943421, 99422.55885678067]
[269091.8310691057, 307449.8648906683, 441804.34866974014, 259448.96627611003, 305865.8336261655, 435541.6529303877, 367921.4719950392, 473822.58313101745, 337936.8184764266, 98925.44606249676]
[285656.488415919, 310300.3979097748, 439595.32692639146, 259050.82809842224, 308341.27478566306, 433363.94466573576, 366081.86463506403, 471453.4702153624, 336247.13438404445, 98430.81883218428]
[286132.1687595136, 312147.39611771744, 437397.3502917595, 277061.6505178842, 306799.56841173477, 431197.12494240707, 364251.4553118887, 469096.20286428556, 334565.8987121242, 97938.66473802335]
[301664.02585492656, 314998.4898995961, 442771.38797391276, 277930.8683829078, 316895.8029861819, 429041.13931769505, 362430.1980353293, 466750.7218499641, 332893.0692185636, 97448.97141433324]
[306150.71301448735, 315891.8640653008, 444394.6171851193, 283677.2874510888, 322933.0199243911, 431793.88979452243, 376403.003697627, 464416.9682407143, 331228.6038724708, 96961.72655726157]
[304619.9594494149, 320171.467767142, 444632.38510434335, 285471.2184297652, 332660.40473435237, 432035.3696091411, 378049.0986592632, 489733.1243163316, 340473.06445815624, 96476.91792447526]
[308880.24746226444, 320903.88071611774, 447247.4808751701, 285462.02626745857, 365776.44772507926, 435427.749657816, 383761.7545919604, 488085.37263725203, 343185.78052214376, 106172.0484284973]
[307335.84622495313, 322395.09707350057, 445011.24347079423, 286797.60294179263, 363947.5654864539, 452342.0600411006, 389321.6757056114, 485644.9457740658, 357869.0153580066, 106737.43017567595]
