S matrix: 
2.0 0.0 0.0 2.0 0.0 0.0 0.0 1.0 2.0 2.0 
1.0 1.0 1.0 1.0 1.0 1.0 1.0 1.0 1.0 1.0 
0.0 1.0 1.0 1.0 1.0 1.0 1.0 1.0 1.0 1.0 
R matrix: 
40.0 11.0 119.0 16.0 11.0 28.0 3.0 80.0 14.0 10.0 
61.0 10.0 5.0 2.0 52.0 11.0 81.0 2.0 51.0 63.0 
4.0 18.0 7.0 19.0 24.0 14.0 7.0 23.0 1.0 5.0 
L matrix: 
2.0 -1.0 -1.0 2.0 -1.0 -1.0 -1.0 -1.0 2.0 2.0 
-1.0 -1.0 -1.0 -1.0 -1.0 -1.0 -1.0 -1.0 -1.0 -1.0 
-1.0 -1.0 -1.0 -1.0 -1.0 -1.0 -1.0 -1.0 -1.0 -1.0 
3 0
0 0
9 0
8 0
0 0
9 0
8 0
3 0
3 0
0 0
8 0
9 0
3 0
0 0
9 0
8 0
8 0
3 1
0 0
9 0
8 0
0 0
9 0
3 1
9 0
0 0
3 1
8 0
9 0
8 0
0 0
3 1
8 0
0 0
3 1
9 0
8 0
9 0
1 1
0 0
3 1
2 1
0 0
9 0
8 0
1 1
2 1
3 1
3 1
0 0
9 0
2 1
8 0
1 1
9 0
2 2
3 1
8 0
0 0
1 1
9 0
1 1
3 1
8 0
2 2
0 0
0 0
1 1
3 1
2 2
8 0
9 0
0 0
1 1
9 0
3 1
2 2
8 0
2 2
8 0
3 1
0 0
1 1
9 0
3 1
1 1
2 2
0 0
8 0
9 0
1 1
9 2
3 1
2 2
7 1
8 2
0 0
8 2
2 2
0 0
9 2
1 1
7 1
3 1
0 0
9 2
2 2
8 2
7 1
1 2
3 1
8 2
1 2
7 1
9 2
2 2
3 2
0 0
1 2
7 1
0 0
8 2
9 2
3 2
2 2
3 2
9 2
0 0
7 1
2 2
8 2
1 2
3 2
9 2
1 2
8 2
0 1
7 1
2 3
7 1
1 2
3 2
2 3
8 2
0 1
9 2
8 2
1 2
3 2
7 1
2 3
9 2
0 1
6 2
9 2
0 1
7 3
2 3
3 2
4 2
8 2
1 2
2 3
9 2
1 2
7 3
6 3
4 2
8 2
3 2
0 1
0 1
9 3
2 3
3 2
6 3
8 3
1 2
4 2
7 3
5 3
5 3
7 5
6 4
1 2
2 3
3 2
4 3
9 3
8 3
0 1
1 2
5 3
9 5
6 5
4 4
7 5
2 3
3 4
8 5
0 1
0 3
4 5
2 4
9 5
3 4
1 3
7 5
8 5
5 5
6 6
1 4
3 4
2 5
8 5
0 3
9 6
4 6
6 6
7 6
5 6
0 3
1 6
6 7
7 6
5 6
4 6
8 5
2 5
9 6
3 4
7 6
0 3
1 6
6 7
9 6
5 6
2 5
4 6
8 5
3 6
7 6
6 7
5 6
3 7
2 7
9 6
4 7
8 5
1 6
0 4
0 7
8 5
3 8
6 7
7 6
9 6
5 8
2 9
1 8
4 8
5 8
9 6
8 5
0 7
4 9
3 10
7 6
2 11
1 10
6 7
5 10
9 7
2 12
3 10
7 6
0 11
8 7
4 11
1 11
6 9
7 10
3 10
5 10
9 8
0 13
4 11
1 13
6 11
2 13
8 9
3 14
0 14
2 15
7 12
8 11
5 10
9 10
1 15
6 11
4 11
0 14
5 14
6 13
3 16
8 12
4 15
1 16
7 13
2 15
9 12
9 14
5 15
4 17
1 16
6 15
0 14
7 15
2 17
3 18
8 12
2 19
6 17
9 15
0 14
4 18
1 16
8 16
5 18
7 17
3 20
3 21
9 17
2 21
7 19
5 19
1 20
8 18
6 19
0 19
4 21
9 19
6 20
1 22
8 20
7 21
5 22
4 22
2 23
0 21
3 21
0 23
6 22
3 24
4 24
8 22
1 22
5 24
2 23
9 20
7 23
9 23
4 26
0 25
3 26
8 24
6 24
2 23
1 22
5 25
7 24
0 25
2 27
8 25
4 27
9 25
7 24
5 27
6 26
1 26
3 28
9 25
1 27
3 30
7 27
2 29
4 29
5 29
0 27
8 27
6 28
4 31
0 29
7 29
5 31
8 29
3 32
2 30
1 29
9 28
6 30
0 31
5 33
6 31
9 30
2 30
4 33
3 32
8 30
7 31
1 32
9 32
7 33
0 33
5 35
8 32
1 34
6 34
4 35
2 33
3 34
3 34
2 35
9 34
5 37
4 35
0 35
6 36
1 35
7 35
8 33
3 37
8 36
1 37
7 37
2 37
5 38
9 35
6 38
0 37
4 38
1 38
5 39
3 39
6 40
8 38
7 39
2 39
0 39
9 37
4 40
8 39
6 42
4 42
2 39
3 39
9 39
7 41
1 40
5 41
0 41
9 41
0 41
1 40
8 42
4 44
6 43
7 43
3 43
5 42
2 39
4 46
7 45
6 45
1 43
8 42
3 45
9 43
2 43
0 43
5 45
5 47
6 47
3 45
9 45
1 44
0 43
7 47
2 45
4 48
8 46
3 49
4 50
1 44
2 48
9 47
0 43
6 49
7 49
5 49
8 48
2 50
6 49
0 48
5 51
9 49
8 50
1 48
4 52
3 51
7 49
5 53
7 51
0 50
6 52
2 52
3 53
9 51
4 54
8 52
1 51
9 52
3 54
5 54
8 52
6 54
0 52
7 52
2 54
1 53
4 56
8 52
5 57
6 56
0 54
9 52
4 58
3 57
1 55
7 55
2 56
4 60
7 57
5 59
1 56
6 58
9 55
2 58
0 56
3 59
8 56
0 58
9 57
4 62
7 59
5 61
1 59
8 58
6 60
2 60
3 61
4 64
0 60
3 63
5 63
8 60
2 61
1 60
7 61
9 59
6 61
4 66
7 63
1 63
5 65
2 64
8 62
6 64
0 62
9 60
3 65
4 68
5 67
8 63
7 63
1 63
0 63
6 66
2 66
9 63
3 67
8 63
9 65
3 69
4 70
0 66
5 69
1 67
2 67
6 67
7 66
6 69
5 71
9 65
7 69
2 70
1 67
3 71
4 72
8 63
0 68
0 70
7 71
1 69
2 72
4 74
5 73
8 70
3 73
9 69
6 69
2 74
8 72
4 75
3 75
1 73
0 72
7 72
5 75
6 74
9 71
3 77
9 73
6 76
4 77
8 74
0 73
2 76
7 75
5 76
1 75
8 74
6 78
7 76
1 77
4 79
9 75
2 78
0 75
3 78
5 78
6 80
4 79
5 80
9 77
0 75
2 80
1 79
8 78
7 78
3 80
7 81
3 82
4 81
9 79
0 80
5 82
8 80
2 82
6 82
1 80
7 83
1 83
5 82
3 84
0 81
8 82
2 84
6 83
4 83
9 81
3 86
0 84
8 83
1 85
2 86
6 83
5 84
4 85
9 82
7 83
2 86
3 86
6 85
0 86
9 82
4 86
8 85
7 85
1 87
5 86
8 87
6 87
7 87
9 86
5 87
2 86
3 86
1 89
0 88
4 86
0 89
6 89
8 89
3 89
5 89
4 86
7 89
9 88
2 90
1 91
0 92
6 91
7 91
5 90
1 91
8 90
4 90
2 92
9 89
3 91
7 92
3 93
2 94
8 92
6 92
0 94
4 92
5 92
9 89
1 91
2 96
4 94
5 94
6 94
9 93
1 95
3 94
7 94
0 96
8 94
7 96
3 97
5 96
0 96
8 96
1 96
6 96
2 98
4 96
9 95
5 98
7 97
0 98
9 96
2 98
6 98
3 99
8 98
1 99
4 98
6 98
8 99
7 97
3 101
4 99
9 99
2 100
1 99
5 98
0 100
0 102
3 103
6 98
4 102
9 101
7 97
5 98
8 101
1 101
2 102
7 102
3 105
0 104
4 103
1 102
5 103
8 103
2 104
6 102
9 103
9 105
6 103
0 104
8 105
2 105
1 105
3 107
5 105
4 105
7 104
0 106
5 107
1 107
3 109
6 106
2 108
8 107
4 107
9 107
7 106
6 108
7 108
8 109
3 109
0 108
4 110
9 109
1 109
2 108
5 109
0 110
2 110
3 111
9 111
1 111
5 110
4 112
8 111
7 110
6 110
8 111
0 112
9 112
6 112
5 113
2 112
3 113
1 112
4 114
7 112
9 112
1 114
6 114
5 115
4 116
2 114
0 114
3 113
7 113
8 113
3 116
9 112
7 113
8 115
4 117
2 116
1 116
0 116
5 117
6 114
2 118
1 118
4 117
3 116
9 115
7 117
5 119
6 118
8 117
0 118
