S matrix: 
1.0 1.0 2.0 1.0 1.0 2.0 1.0 0.0 1.0 2.0 0.0 0.0 1.0 1.0 1.0 0.0 1.0 0.0 2.0 2.0 1.0 1.0 2.0 2.0 2.0 0.0 2.0 2.0 2.0 1.0 2.0 0.0 1.0 0.0 0.0 0.0 0.0 2.0 1.0 2.0 0.0 1.0 0.0 0.0 2.0 2.0 2.0 1.0 0.0 0.0 2.0 0.0 2.0 1.0 0.0 0.0 2.0 2.0 0.0 2.0 1.0 2.0 2.0 1.0 0.0 2.0 1.0 2.0 1.0 0.0 0.0 2.0 0.0 0.0 2.0 1.0 0.0 0.0 1.0 2.0 1.0 0.0 1.0 2.0 1.0 1.0 0.0 2.0 0.0 0.0 0.0 1.0 0.0 2.0 0.0 0.0 2.0 2.0 1.0 2.0 
1.0 0.0 1.0 1.0 0.0 1.0 1.0 1.0 1.0 0.0 1.0 0.0 0.0 1.0 0.0 0.0 1.0 0.0 1.0 1.0 1.0 1.0 0.0 1.0 1.0 0.0 1.0 1.0 0.0 1.0 1.0 1.0 0.0 1.0 0.0 0.0 1.0 1.0 0.0 1.0 1.0 0.0 1.0 1.0 1.0 0.0 1.0 1.0 1.0 1.0 0.0 1.0 1.0 0.0 1.0 0.0 0.0 0.0 0.0 0.0 1.0 1.0 0.0 1.0 1.0 1.0 0.0 1.0 1.0 1.0 0.0 1.0 0.0 1.0 1.0 0.0 1.0 0.0 1.0 1.0 0.0 1.0 0.0 1.0 1.0 1.0 1.0 1.0 1.0 1.0 0.0 1.0 1.0 1.0 1.0 1.0 0.0 1.0 1.0 1.0 
1.0 1.0 1.0 0.0 0.0 1.0 1.0 1.0 1.0 1.0 0.0 0.0 0.0 0.0 0.0 0.0 0.0 0.0 0.0 0.0 1.0 1.0 0.0 0.0 0.0 0.0 1.0 0.0 1.0 1.0 1.0 1.0 0.0 0.0 0.0 1.0 0.0 0.0 1.0 1.0 1.0 0.0 1.0 1.0 1.0 0.0 1.0 1.0 0.0 0.0 1.0 1.0 1.0 0.0 1.0 1.0 1.0 1.0 0.0 0.0 1.0 1.0 1.0 1.0 0.0 0.0 1.0 0.0 1.0 0.0 0.0 0.0 0.0 1.0 1.0 1.0 1.0 0.0 1.0 0.0 1.0 1.0 1.0 0.0 0.0 1.0 0.0 1.0 1.0 0.0 1.0 0.0 0.0 0.0 1.0 1.0 1.0 1.0 0.0 0.0 
1.0 1.0 0.0 0.0 0.0 1.0 1.0 0.0 1.0 0.0 1.0 1.0 0.0 0.0 0.0 0.0 1.0 0.0 1.0 1.0 1.0 0.0 1.0 0.0 1.0 1.0 1.0 0.0 1.0 1.0 0.0 1.0 1.0 0.0 0.0 0.0 0.0 1.0 1.0 1.0 1.0 1.0 1.0 1.0 0.0 0.0 0.0 1.0 1.0 1.0 1.0 1.0 1.0 1.0 1.0 1.0 0.0 1.0 0.0 1.0 0.0 0.0 1.0 0.0 0.0 1.0 1.0 1.0 0.0 0.0 1.0 0.0 0.0 1.0 0.0 1.0 0.0 1.0 0.0 0.0 1.0 1.0 1.0 0.0 0.0 0.0 1.0 1.0 1.0 1.0 1.0 1.0 0.0 1.0 1.0 1.0 1.0 1.0 1.0 1.0 
0.0 1.0 0.0 0.0 1.0 1.0 0.0 1.0 1.0 0.0 1.0 0.0 1.0 0.0 1.0 1.0 0.0 1.0 1.0 0.0 0.0 0.0 1.0 0.0 1.0 0.0 1.0 0.0 0.0 1.0 0.0 0.0 0.0 1.0 1.0 1.0 1.0 0.0 1.0 1.0 1.0 1.0 1.0 0.0 1.0 0.0 1.0 1.0 1.0 1.0 1.0 0.0 0.0 0.0 1.0 1.0 1.0 1.0 1.0 0.0 1.0 0.0 1.0 1.0 1.0 1.0 0.0 1.0 0.0 0.0 1.0 0.0 1.0 1.0 1.0 0.0 1.0 1.0 1.0 1.0 1.0 1.0 1.0 0.0 1.0 1.0 1.0 0.0 0.0 1.0 1.0 0.0 0.0 1.0 1.0 1.0 1.0 0.0 1.0 1.0 
1.0 1.0 0.0 1.0 1.0 1.0 0.0 1.0 1.0 1.0 0.0 1.0 0.0 1.0 1.0 1.0 1.0 0.0 1.0 1.0 0.0 0.0 1.0 1.0 0.0 1.0 0.0 1.0 0.0 1.0 0.0 1.0 1.0 1.0 1.0 1.0 0.0 1.0 0.0 0.0 1.0 1.0 0.0 0.0 0.0 1.0 0.0 1.0 0.0 0.0 1.0 0.0 1.0 0.0 1.0 1.0 0.0 1.0 1.0 0.0 1.0 1.0 0.0 0.0 0.0 1.0 0.0 1.0 1.0 0.0 1.0 0.0 0.0 0.0 1.0 1.0 1.0 0.0 1.0 1.0 0.0 1.0 1.0 1.0 1.0 1.0 1.0 1.0 0.0 0.0 0.0 1.0 0.0 1.0 1.0 1.0 1.0 0.0 1.0 0.0 
R matrix: 
15.0 70.0 67.0 56.0 45.0 18.0 56.0 57.0 31.0 17.0 15.0 32.0 10.0 7.0 310.0 14.0 150.0 10.0 76.0 9.0 11.0 16.0 7.0 27.0 9.0 16.0 34.0 3.0 28.0 27.0 23.0 3.0 2.0 10.0 22.0 83.0 61.0 39.0 67.0 17.0 9.0 55.0 39.0 75.0 8.0 3.0 82.0 73.0 11.0 14.0 33.0 111.0 8.0 11.0 138.0 24.0 49.0 68.0 12.0 38.0 5.0 15.0 55.0 14.0 3.0 60.0 54.0 19.0 13.0 18.0 3.0 11.0 16.0 30.0 4.0 30.0 13.0 58.0 36.0 8.0 104.0 17.0 121.0 13.0 21.0 30.0 33.0 54.0 32.0 6.0 6.0 19.0 16.0 15.0 21.0 4.0 107.0 24.0 13.0 162.0 
7.0 78.0 4.0 12.0 13.0 19.0 18.0 30.0 44.0 64.0 20.0 21.0 8.0 154.0 42.0 202.0 6.0 10.0 19.0 1.0 6.0 14.0 4.0 14.0 40.0 8.0 17.0 37.0 170.0 11.0 120.0 10.0 11.0 143.0 92.0 14.0 36.0 109.0 13.0 16.0 54.0 5.0 2.0 34.0 51.0 4.0 129.0 6.0 132.0 3.0 15.0 2.0 27.0 32.0 35.0 99.0 3.0 10.0 25.0 4.0 30.0 51.0 13.0 72.0 55.0 56.0 32.0 25.0 10.0 19.0 4.0 71.0 32.0 7.0 35.0 23.0 14.0 25.0 24.0 9.0 23.0 7.0 8.0 93.0 18.0 64.0 4.0 57.0 7.0 9.0 12.0 6.0 12.0 10.0 4.0 16.0 8.0 23.0 18.0 23.0 
47.0 15.0 30.0 12.0 19.0 56.0 17.0 23.0 29.0 66.0 27.0 3.0 24.0 21.0 18.0 17.0 36.0 19.0 3.0 42.0 31.0 14.0 11.0 37.0 33.0 14.0 19.0 15.0 16.0 10.0 70.0 15.0 17.0 26.0 66.0 20.0 24.0 8.0 10.0 16.0 34.0 59.0 66.0 8.0 14.0 22.0 85.0 33.0 54.0 9.0 21.0 5.0 109.0 37.0 27.0 22.0 113.0 17.0 4.0 3.0 9.0 28.0 42.0 16.0 25.0 20.0 13.0 18.0 12.0 195.0 6.0 10.0 23.0 14.0 58.0 83.0 7.0 6.0 3.0 21.0 20.0 6.0 21.0 25.0 9.0 97.0 28.0 136.0 91.0 30.0 259.0 37.0 11.0 79.0 18.0 16.0 38.0 12.0 207.0 10.0 
10.0 44.0 109.0 8.0 63.0 28.0 32.0 17.0 26.0 7.0 95.0 116.0 27.0 23.0 21.0 16.0 38.0 62.0 32.0 33.0 28.0 16.0 11.0 9.0 30.0 8.0 6.0 66.0 24.0 7.0 5.0 11.0 20.0 12.0 25.0 17.0 2.0 7.0 19.0 6.0 8.0 67.0 18.0 2.0 16.0 7.0 9.0 17.0 18.0 19.0 4.0 52.0 31.0 23.0 17.0 56.0 61.0 48.0 54.0 43.0 13.0 169.0 25.0 11.0 186.0 26.0 56.0 19.0 38.0 12.0 37.0 26.0 16.0 46.0 115.0 80.0 19.0 23.0 37.0 42.0 6.0 13.0 13.0 13.0 6.0 77.0 3.0 115.0 7.0 73.0 37.0 87.0 149.0 13.0 76.0 12.0 163.0 16.0 19.0 22.0 
3.0 13.0 35.0 10.0 56.0 46.0 18.0 58.0 16.0 4.0 12.0 24.0 7.0 33.0 40.0 31.0 3.0 43.0 7.0 8.0 24.0 22.0 53.0 28.0 40.0 16.0 12.0 16.0 24.0 74.0 96.0 6.0 57.0 22.0 16.0 9.0 131.0 19.0 6.0 5.0 333.0 7.0 51.0 22.0 37.0 14.0 19.0 22.0 10.0 10.0 39.0 4.0 6.0 81.0 26.0 18.0 22.0 12.0 16.0 34.0 31.0 69.0 87.0 85.0 21.0 56.0 12.0 4.0 8.0 47.0 23.0 8.0 21.0 6.0 28.0 5.0 69.0 2.0 47.0 32.0 47.0 12.0 31.0 24.0 38.0 48.0 4.0 3.0 11.0 14.0 10.0 11.0 2.0 8.0 43.0 25.0 20.0 10.0 4.0 36.0 
51.0 46.0 39.0 3.0 175.0 35.0 59.0 2.0 39.0 20.0 5.0 3.0 12.0 10.0 2.0 134.0 116.0 77.0 25.0 53.0 42.0 33.0 25.0 29.0 26.0 72.0 2.0 19.0 11.0 31.0 4.0 4.0 15.0 65.0 25.0 24.0 5.0 2.0 4.0 4.0 7.0 58.0 10.0 127.0 15.0 10.0 22.0 9.0 158.0 49.0 3.0 11.0 46.0 19.0 12.0 6.0 10.0 4.0 17.0 48.0 2.0 208.0 28.0 66.0 10.0 137.0 28.0 18.0 21.0 39.0 9.0 14.0 61.0 28.0 64.0 29.0 22.0 44.0 3.0 20.0 45.0 36.0 82.0 27.0 37.0 15.0 36.0 24.0 6.0 49.0 3.0 27.0 18.0 2.0 23.0 26.0 7.0 96.0 46.0 26.0 
L matrix: 
-1.0 -1.0 2.0 -1.0 -1.0 2.0 -1.0 -1.0 -1.0 2.0 -1.0 -1.0 -1.0 -1.0 -1.0 -1.0 -1.0 -1.0 2.0 2.0 -1.0 -1.0 2.0 2.0 2.0 -1.0 2.0 2.0 2.0 -1.0 2.0 -1.0 -1.0 -1.0 -1.0 -1.0 -1.0 2.0 -1.0 2.0 -1.0 -1.0 -1.0 -1.0 2.0 2.0 2.0 -1.0 -1.0 -1.0 2.0 -1.0 2.0 -1.0 -1.0 -1.0 2.0 2.0 -1.0 2.0 -1.0 2.0 2.0 -1.0 -1.0 2.0 -1.0 2.0 -1.0 -1.0 -1.0 2.0 -1.0 -1.0 2.0 -1.0 -1.0 -1.0 -1.0 2.0 -1.0 -1.0 -1.0 2.0 -1.0 -1.0 -1.0 2.0 -1.0 -1.0 -1.0 -1.0 -1.0 2.0 -1.0 -1.0 2.0 2.0 -1.0 2.0 
-1.0 -1.0 -1.0 -1.0 -1.0 -1.0 -1.0 -1.0 -1.0 -1.0 -1.0 -1.0 -1.0 -1.0 -1.0 -1.0 -1.0 -1.0 -1.0 -1.0 -1.0 -1.0 -1.0 -1.0 -1.0 -1.0 -1.0 -1.0 -1.0 -1.0 -1.0 -1.0 -1.0 -1.0 -1.0 -1.0 -1.0 -1.0 -1.0 -1.0 -1.0 -1.0 -1.0 -1.0 -1.0 -1.0 -1.0 -1.0 -1.0 -1.0 -1.0 -1.0 -1.0 -1.0 -1.0 -1.0 -1.0 -1.0 -1.0 -1.0 -1.0 -1.0 -1.0 -1.0 -1.0 -1.0 -1.0 -1.0 -1.0 -1.0 -1.0 -1.0 -1.0 -1.0 -1.0 -1.0 -1.0 -1.0 -1.0 -1.0 -1.0 -1.0 -1.0 -1.0 -1.0 -1.0 -1.0 -1.0 -1.0 -1.0 -1.0 -1.0 -1.0 -1.0 -1.0 -1.0 -1.0 -1.0 -1.0 -1.0 
-1.0 -1.0 -1.0 -1.0 -1.0 -1.0 -1.0 -1.0 -1.0 -1.0 -1.0 -1.0 -1.0 -1.0 -1.0 -1.0 -1.0 -1.0 -1.0 -1.0 -1.0 -1.0 -1.0 -1.0 -1.0 -1.0 -1.0 -1.0 -1.0 -1.0 -1.0 -1.0 -1.0 -1.0 -1.0 -1.0 -1.0 -1.0 -1.0 -1.0 -1.0 -1.0 -1.0 -1.0 -1.0 -1.0 -1.0 -1.0 -1.0 -1.0 -1.0 -1.0 -1.0 -1.0 -1.0 -1.0 -1.0 -1.0 -1.0 -1.0 -1.0 -1.0 -1.0 -1.0 -1.0 -1.0 -1.0 -1.0 -1.0 -1.0 -1.0 -1.0 -1.0 -1.0 -1.0 -1.0 -1.0 -1.0 -1.0 -1.0 -1.0 -1.0 -1.0 -1.0 -1.0 -1.0 -1.0 -1.0 -1.0 -1.0 -1.0 -1.0 -1.0 -1.0 -1.0 -1.0 -1.0 -1.0 -1.0 -1.0 
-1.0 -1.0 -1.0 -1.0 -1.0 -1.0 -1.0 -1.0 -1.0 -1.0 -1.0 -1.0 -1.0 -1.0 -1.0 -1.0 -1.0 -1.0 -1.0 -1.0 -1.0 -1.0 -1.0 -1.0 -1.0 -1.0 -1.0 -1.0 -1.0 -1.0 -1.0 -1.0 -1.0 -1.0 -1.0 -1.0 -1.0 -1.0 -1.0 -1.0 -1.0 -1.0 -1.0 -1.0 -1.0 -1.0 -1.0 -1.0 -1.0 -1.0 -1.0 -1.0 -1.0 -1.0 -1.0 -1.0 -1.0 -1.0 -1.0 -1.0 -1.0 -1.0 -1.0 -1.0 -1.0 -1.0 -1.0 -1.0 -1.0 -1.0 -1.0 -1.0 -1.0 -1.0 -1.0 -1.0 -1.0 -1.0 -1.0 -1.0 -1.0 -1.0 -1.0 -1.0 -1.0 -1.0 -1.0 -1.0 -1.0 -1.0 -1.0 -1.0 -1.0 -1.0 -1.0 -1.0 -1.0 -1.0 -1.0 -1.0 
-1.0 -1.0 -1.0 -1.0 -1.0 -1.0 -1.0 -1.0 -1.0 -1.0 -1.0 -1.0 -1.0 -1.0 -1.0 -1.0 -1.0 -1.0 -1.0 -1.0 -1.0 -1.0 -1.0 -1.0 -1.0 -1.0 -1.0 -1.0 -1.0 -1.0 -1.0 -1.0 -1.0 -1.0 -1.0 -1.0 -1.0 -1.0 -1.0 -1.0 -1.0 -1.0 -1.0 -1.0 -1.0 -1.0 -1.0 -1.0 -1.0 -1.0 -1.0 -1.0 -1.0 -1.0 -1.0 -1.0 -1.0 -1.0 -1.0 -1.0 -1.0 -1.0 -1.0 -1.0 -1.0 -1.0 -1.0 -1.0 -1.0 -1.0 -1.0 -1.0 -1.0 -1.0 -1.0 -1.0 -1.0 -1.0 -1.0 -1.0 -1.0 -1.0 -1.0 -1.0 -1.0 -1.0 -1.0 -1.0 -1.0 -1.0 -1.0 -1.0 -1.0 -1.0 -1.0 -1.0 -1.0 -1.0 -1.0 -1.0 
-1.0 -1.0 -1.0 -1.0 -1.0 -1.0 -1.0 -1.0 -1.0 -1.0 -1.0 -1.0 -1.0 -1.0 -1.0 -1.0 -1.0 -1.0 -1.0 -1.0 -1.0 -1.0 -1.0 -1.0 -1.0 -1.0 -1.0 -1.0 -1.0 -1.0 -1.0 -1.0 -1.0 -1.0 -1.0 -1.0 -1.0 -1.0 -1.0 -1.0 -1.0 -1.0 -1.0 -1.0 -1.0 -1.0 -1.0 -1.0 -1.0 -1.0 -1.0 -1.0 -1.0 -1.0 -1.0 -1.0 -1.0 -1.0 -1.0 -1.0 -1.0 -1.0 -1.0 -1.0 -1.0 -1.0 -1.0 -1.0 -1.0 -1.0 -1.0 -1.0 -1.0 -1.0 -1.0 -1.0 -1.0 -1.0 -1.0 -1.0 -1.0 -1.0 -1.0 -1.0 -1.0 -1.0 -1.0 -1.0 -1.0 -1.0 -1.0 -1.0 -1.0 -1.0 -1.0 -1.0 -1.0 -1.0 -1.0 -1.0 
28 0
99 0
59 0
56 0
96 0
18 0
65 0
61 0
27 0
79 0
93 0
26 0
50 0
74 0
37 0
46 0
5 0
23 0
2 0
44 0
9 0
67 0
62 0
57 0
71 0
39 0
45 0
24 0
22 0
87 0
30 0
97 0
52 0
83 0
19 0
96 0
93 0
2 0
44 0
57 0
30 0
65 0
50 0
5 0
52 0
22 0
99 0
46 0
23 0
59 0
97 0
79 0
24 0
18 0
83 0
39 0
45 0
61 0
26 0
27 0
62 0
67 0
74 0
19 0
37 0
87 0
71 0
28 0
9 0
56 0
27 0
39 0
46 0
18 0
79 0
44 0
24 0
19 0
37 0
96 0
22 0
56 0
59 0
83 0
71 0
93 0
87 0
52 0
74 0
67 0
50 0
2 0
97 0
62 0
99 0
61 0
28 0
45 0
65 0
30 0
26 0
57 0
5 0
23 0
9 0
2 0
9 0
27 0
87 0
52 0
18 0
37 0
65 0
96 0
67 0
46 0
79 0
45 0
26 0
30 0
93 0
57 0
62 0
74 0
71 0
83 0
60 0
28 0
50 0
97 0
44 0
59 0
24 0
56 0
22 0
23 0
5 0
99 0
61 0
19 0
39 0
26 0
28 0
22 0
23 0
60 0
87 0
71 0
97 0
9 0
5 0
61 0
18 0
30 0
83 0
24 0
27 0
44 0
62 0
67 0
74 0
37 0
96 0
57 0
52 0
46 0
65 0
50 0
45 0
56 0
93 0
39 0
19 0
99 0
59 0
2 0
79 0
71 0
87 0
46 0
97 0
83 0
61 0
2 0
28 0
30 0
19 0
24 0
96 0
79 0
9 0
44 0
93 0
56 0
74 0
59 0
45 0
57 0
99 0
52 0
50 0
62 0
37 0
5 0
27 0
23 0
67 0
22 0
26 0
65 0
18 0
39 0
60 0
87 0
60 0
2 0
18 0
44 0
62 0
26 0
39 0
97 0
93 0
27 0
37 0
99 0
30 0
46 0
52 0
71 0
67 0
45 0
56 0
22 0
50 0
83 0
23 0
74 0
59 0
19 0
57 0
9 0
79 0
5 0
65 0
28 0
61 0
24 0
96 0
46 0
67 0
18 0
20 0
45 0
19 0
27 0
99 0
74 0
9 0
50 0
97 0
22 0
59 0
83 0
23 0
2 0
44 0
79 0
30 0
5 0
87 0
37 0
93 0
63 0
62 0
24 0
52 0
60 0
39 0
57 0
71 0
26 0
28 0
56 0
65 0
96 0
61 0
27 0
59 0
96 0
2 0
57 0
79 0
20 0
19 0
62 0
52 0
61 0
93 0
63 0
83 0
60 0
74 0
50 0
67 0
99 0
9 0
97 0
39 0
21 0
56 0
22 0
44 0
53 0
30 0
45 0
18 0
28 0
87 0
24 0
26 0
71 0
37 0
65 0
23 0
46 0
5 0
98 0
87 0
99 0
28 0
71 0
63 0
21 0
44 0
59 0
56 0
52 0
98 0
39 0
60 0
53 0
9 0
18 0
26 0
5 0
19 0
96 0
74 0
45 0
62 0
23 0
22 0
27 0
57 0
93 0
46 0
20 0
79 0
24 0
67 0
50 0
83 0
97 0
2 0
30 0
65 0
61 0
37 0
