S matrix: 
2.0 0.0 0.0 2.0 0.0 0.0 0.0 1.0 2.0 2.0 
1.0 1.0 1.0 1.0 1.0 1.0 1.0 1.0 1.0 1.0 
0.0 1.0 1.0 1.0 1.0 1.0 1.0 1.0 1.0 1.0 
R matrix: 
40.0 11.0 119.0 16.0 11.0 28.0 3.0 80.0 14.0 10.0 
61.0 10.0 5.0 2.0 52.0 11.0 81.0 2.0 51.0 63.0 
4.0 18.0 7.0 19.0 24.0 14.0 7.0 23.0 1.0 5.0 
L matrix: 
2.0 -1.0 -1.0 2.0 -1.0 -1.0 -1.0 -1.0 2.0 2.0 
-1.0 -1.0 -1.0 -1.0 -1.0 -1.0 -1.0 -1.0 -1.0 -1.0 
-1.0 -1.0 -1.0 -1.0 -1.0 -1.0 -1.0 -1.0 -1.0 -1.0 
3 0
9 0
8 0
0 0
3 1
9 0
8 0
0 0
9 0
0 0
3 1
8 0
0 0
3 1
9 0
8 0
0 0
9 0
3 1
8 0
0 0
8 0
3 1
9 0
3 3
0 0
9 0
8 0
0 0
9 0
8 0
3 3
8 0
9 0
3 4
0 0
0 0
8 0
9 0
3 4
9 0
0 0
3 4
8 0
9 2
3 4
0 0
8 2
0 0
3 4
8 2
9 2
9 2
8 2
3 4
0 0
3 4
0 1
8 2
9 2
9 2
0 1
3 4
8 2
9 2
0 1
8 2
3 4
8 2
3 4
9 2
0 1
0 1
3 4
9 2
8 2
9 2
0 1
3 4
8 2
9 2
0 1
8 4
3 4
9 2
8 4
0 1
3 4
3 4
0 1
9 3
8 4
8 4
3 4
9 3
0 1
9 5
8 6
0 1
3 4
9 7
3 4
0 1
8 6
9 9
3 4
0 1
8 6
3 4
8 6
9 11
0 1
8 6
9 11
3 4
0 1
3 4
0 1
8 6
9 11
0 1
8 6
9 11
3 4
0 1
3 4
8 7
9 11
8 7
9 11
3 4
0 1
9 11
8 9
3 4
0 1
9 11
0 1
8 11
3 4
9 11
3 4
0 1
8 13
3 4
8 15
0 1
9 11
8 17
3 4
0 1
9 11
0 1
3 4
9 11
8 19
3 4
0 1
8 21
9 11
9 11
8 23
0 1
3 4
9 11
0 1
3 4
8 24
8 24
0 1
9 11
3 4
3 4
8 24
9 11
0 1
3 4
8 24
9 11
0 1
3 4
0 1
8 24
9 11
9 11
8 24
0 1
3 4
9 11
0 1
8 24
3 4
9 11
3 4
0 1
8 24
8 24
0 1
9 11
3 4
3 4
9 11
8 24
0 1
8 24
9 11
0 1
3 4
9 11
3 4
0 1
8 24
0 1
8 24
3 4
9 11
9 11
0 1
3 4
8 24
0 1
8 24
9 11
3 4
9 11
3 4
8 24
0 1
3 4
8 24
9 11
0 1
3 4
8 24
0 1
9 11
9 11
8 24
3 4
0 1
9 11
0 1
3 4
8 24
9 11
3 4
0 1
8 24
8 24
0 1
3 4
9 11
0 1
9 11
3 4
8 24
0 1
9 11
8 24
3 4
9 11
0 1
3 4
8 24
8 24
3 4
9 11
0 1
8 24
0 1
3 4
9 11
0 1
9 11
8 24
3 4
9 11
8 24
3 4
0 1
3 4
9 11
8 24
0 1
9 11
0 1
3 4
8 24
0 1
8 24
9 11
3 4
9 11
0 1
3 4
8 24
3 4
0 1
9 11
8 24
9 11
0 1
3 4
8 24
0 1
8 24
3 4
9 11
0 1
8 24
3 4
9 11
3 4
8 24
9 11
0 1
0 1
8 24
3 4
9 11
9 11
3 4
0 1
8 24
9 11
0 1
3 4
8 24
0 1
3 4
8 24
9 11
0 1
3 4
8 24
9 11
9 11
3 4
8 24
0 1
9 11
3 4
0 1
8 24
9 11
3 4
8 24
0 1
3 4
9 11
8 24
0 1
3 4
0 1
9 11
8 24
3 4
8 24
0 1
9 11
0 1
8 24
3 4
9 11
8 24
0 1
3 4
9 11
9 11
0 1
8 24
3 4
8 24
3 4
0 1
9 11
8 24
3 4
9 11
0 1
0 1
3 4
9 11
8 24
9 11
0 1
3 4
8 24
8 24
9 11
0 1
3 4
9 11
0 1
8 24
3 4
3 4
8 24
9 11
0 1
8 0
9 0
0 0
3 0
3 1
9 0
0 0
8 0
0 0
8 0
9 0
3 1
0 0
3 1
9 0
8 0
3 1
0 0
8 0
9 0
9 0
8 0
0 0
3 1
8 0
0 0
9 0
3 1
3 1
9 0
0 0
8 0
9 0
0 0
3 2
8 0
3 2
0 0
8 0
9 0
3 2
8 0
9 0
0 0
3 2
0 0
8 2
9 2
3 2
9 2
0 0
8 2
3 2
8 2
0 0
9 2
0 1
3 2
9 2
8 2
0 1
3 2
8 2
9 2
8 2
9 2
3 2
0 1
3 2
0 1
8 2
9 2
8 2
3 2
0 1
9 2
3 2
8 2
0 1
9 2
8 2
9 2
0 1
3 2
9 2
3 2
8 2
0 1
3 2
8 2
0 1
9 2
8 2
9 2
3 2
0 1
9 2
0 1
3 2
8 2
9 2
8 2
3 2
0 1
3 4
8 2
9 2
0 1
8 2
9 2
3 6
0 1
9 2
3 8
0 1
8 2
3 8
9 2
8 2
0 1
3 8
0 1
8 2
9 2
9 2
8 2
3 8
0 1
0 1
3 8
8 2
9 2
8 2
3 8
0 1
9 2
0 1
9 2
8 2
3 8
9 2
0 1
3 8
8 2
9 2
8 2
0 1
3 8
0 1
8 2
9 2
3 8
9 2
3 8
8 2
0 1
8 2
0 1
9 2
3 8
9 2
0 1
8 2
3 8
9 2
0 1
8 2
3 8
8 2
0 1
9 2
3 8
9 2
3 8
8 2
0 1
8 2
3 8
9 2
0 1
9 2
8 2
0 1
3 8
8 2
0 1
9 2
3 8
9 2
0 1
8 2
3 8
9 2
3 8
0 1
8 2
9 2
8 2
0 1
3 8
3 8
8 2
9 2
0 1
8 2
0 1
3 8
9 2
8 2
0 1
9 2
3 8
3 8
0 1
9 2
8 2
9 2
8 2
0 1
3 8
9 2
0 1
8 2
3 8
8 2
0 1
3 8
9 2
9 2
8 2
0 1
3 8
0 1
3 8
8 2
9 2
9 2
3 8
8 2
0 1
3 8
8 2
9 2
0 1
8 2
0 1
9 2
3 8
8 2
3 8
0 1
9 2
0 1
9 2
3 8
8 2
8 2
3 8
0 1
9 2
0 1
3 8
9 2
8 2
8 2
9 2
3 8
0 1
8 2
0 1
3 8
9 2
8 2
0 1
9 2
3 8
3 8
0 1
9 2
8 2
3 8
9 2
8 2
0 1
8 2
9 2
3 8
0 1
8 2
9 2
3 8
0 1
8 2
9 2
0 1
3 8
0 1
9 2
3 8
8 2
0 1
9 2
8 2
3 8
0 1
9 2
8 2
3 8
3 8
9 2
0 1
8 2
3 8
9 2
0 1
8 2
3 8
0 1
8 2
9 2
8 2
0 1
9 2
3 8
8 2
3 8
0 1
9 2
8 2
3 8
9 2
0 1
8 2
9 2
3 8
0 1
9 2
0 1
3 8
8 2
9 2
8 2
0 1
3 8
9 2
8 2
3 8
0 1
9 2
0 1
3 8
8 2
0 1
3 8
9 2
8 2
3 8
8 2
9 2
0 1
3 8
9 2
0 1
8 2
8 2
9 2
0 1
3 8
8 2
3 8
0 1
9 2
0 1
9 2
8 2
3 8
9 2
3 8
0 1
8 2
8 2
3 8
0 1
9 2
9 2
8 2
0 1
3 8
8 2
0 1
9 2
3 8
8 2
9 2
0 1
3 8
8 2
3 8
9 2
0 1
3 0
0 0
8 0
9 0
8 0
3 1
9 0
0 0
9 0
3 1
0 0
8 0
0 0
8 0
9 0
3 1
8 0
3 1
0 0
9 0
0 0
8 0
9 0
3 1
3 1
8 0
0 0
9 0
0 0
9 0
3 1
8 0
9 0
0 0
3 2
8 0
3 2
0 0
9 0
8 0
0 0
8 0
9 0
3 2
3 2
8 2
9 2
0 0
8 2
0 0
3 2
9 2
3 2
0 0
8 2
9 2
0 1
8 2
9 2
3 2
9 2
0 1
3 2
8 2
3 2
0 1
9 2
8 2
8 2
9 2
0 1
3 2
0 1
3 2
8 2
9 2
8 2
9 2
0 1
3 2
3 2
9 2
0 1
8 3
9 2
8 3
3 2
0 1
8 4
9 2
0 1
3 2
8 4
3 2
9 2
0 1
3 2
0 1
9 3
8 6
8 8
3 2
0 1
9 5
3 2
8 8
9 7
0 1
3 2
9 7
0 1
8 8
0 1
8 8
3 2
9 7
3 2
0 1
9 7
8 8
3 2
0 1
8 8
9 7
9 7
0 1
8 8
3 2
8 8
0 1
9 7
3 2
0 1
9 7
3 2
8 8
0 1
8 8
9 7
3 2
0 1
8 8
9 7
3 2
9 7
8 8
0 1
3 2
3 2
0 1
8 8
9 7
0 1
3 2
9 7
8 8
9 7
3 2
8 8
0 1
8 8
3 3
9 7
0 1
0 1
3 3
8 8
9 7
0 1
8 8
9 7
3 3
8 8
9 7
3 3
0 1
9 7
8 8
3 3
0 1
0 1
9 7
3 3
8 8
9 7
3 3
0 1
8 8
3 3
0 1
9 7
8 8
8 8
9 7
0 1
3 3
3 3
8 8
0 1
9 7
0 1
9 7
3 3
8 8
8 8
0 1
3 3
9 7
3 3
9 7
8 8
0 1
9 7
0 1
8 8
3 3
3 3
0 1
9 7
8 8
9 7
3 3
0 1
8 8
9 7
8 8
0 1
3 3
8 8
3 3
9 7
0 1
9 7
0 1
8 8
3 3
0 1
9 7
3 3
8 8
8 8
0 1
3 3
9 7
3 4
0 1
8 8
9 7
3 4
8 8
9 7
0 1
9 7
0 1
3 4
8 8
0 1
8 8
3 4
9 7
8 8
0 1
9 7
3 4
9 7
3 4
8 8
0 1
8 8
3 4
0 1
9 7
9 7
0 1
8 8
3 4
0 1
3 4
9 7
8 8
0 1
9 7
8 8
3 4
0 1
3 4
9 7
8 8
3 4
9 7
0 1
8 8
0 1
9 7
3 4
8 8
3 4
8 8
0 1
9 7
0 1
3 4
8 8
9 7
0 1
3 4
8 8
9 7
0 1
3 4
9 7
8 8
3 4
9 7
8 8
0 1
0 1
9 7
8 8
3 4
9 7
0 1
3 4
8 8
3 4
0 1
9 7
8 8
3 4
9 7
0 1
8 8
9 7
0 1
8 8
3 4
3 4
9 7
8 8
0 1
8 8
3 4
0 1
9 7
8 8
9 7
3 4
0 1
3 4
0 1
9 7
8 8
8 8
0 1
3 4
9 7
8 8
0 1
3 4
9 7
3 4
0 1
9 7
8 8
3 4
8 8
0 1
9 7
3 4
9 7
0 1
8 8
3 4
8 8
9 7
0 1
9 7
3 4
0 1
8 8
3 4
9 7
8 8
0 1
0 1
8 8
3 4
9 7
9 7
8 8
0 1
3 4
8 8
0 1
3 4
9 7
0 1
8 8
3 4
9 7
