S matrix: 
2.0 0.0 0.0 2.0 0.0 0.0 0.0 1.0 2.0 2.0 
1.0 1.0 1.0 1.0 1.0 1.0 1.0 1.0 1.0 1.0 
0.0 1.0 1.0 1.0 1.0 1.0 1.0 1.0 1.0 1.0 
R matrix: 
40.0 11.0 119.0 16.0 11.0 28.0 3.0 80.0 14.0 10.0 
61.0 10.0 5.0 2.0 52.0 11.0 81.0 2.0 51.0 63.0 
4.0 18.0 7.0 19.0 24.0 14.0 7.0 23.0 1.0 5.0 
L matrix: 
2.0 -1.0 -1.0 2.0 -1.0 -1.0 -1.0 -1.0 2.0 2.0 
-1.0 -1.0 -1.0 -1.0 -1.0 -1.0 -1.0 -1.0 -1.0 -1.0 
-1.0 -1.0 -1.0 -1.0 -1.0 -1.0 -1.0 -1.0 -1.0 -1.0 
3 0
8 0
9 0
0 0
3 0
8 0
9 0
0 0
0 0
8 0
3 0
9 0
9 0
8 0
0 0
3 0
8 0
9 0
3 1
0 0
3 1
9 0
0 0
8 0
0 0
3 1
8 0
9 0
3 1
8 0
9 0
0 0
8 0
3 1
9 0
0 0
9 0
3 1
8 0
0 0
9 0
2 1
0 0
8 0
1 1
3 1
9 0
1 1
8 0
2 1
0 0
3 1
9 0
0 0
8 0
3 1
1 1
2 2
1 1
0 0
9 0
3 1
8 0
2 2
1 1
9 0
3 1
2 2
8 0
0 0
1 1
2 2
0 0
8 0
3 1
9 0
2 2
9 0
8 0
1 1
0 0
3 1
0 0
1 1
9 0
2 2
8 0
3 1
1 1
0 0
7 1
2 2
3 1
9 2
8 2
8 2
3 1
7 1
0 0
2 2
1 1
9 2
3 1
1 3
0 0
9 2
2 2
8 2
7 1
9 2
0 0
7 1
3 2
1 3
8 2
2 2
2 2
1 3
9 2
7 1
8 2
0 0
3 2
1 3
0 0
9 2
3 2
2 2
7 1
8 2
3 2
8 2
1 5
7 1
2 2
9 3
0 0
7 1
3 2
9 3
1 5
2 4
0 1
8 2
3 2
0 1
2 4
9 3
6 2
7 3
1 5
8 2
0 4
9 3
2 4
1 5
4 3
7 3
8 2
3 2
6 2
9 3
1 7
8 2
6 3
7 4
2 6
3 2
0 5
4 3
6 3
0 8
3 3
2 6
4 3
5 2
8 2
1 7
9 3
7 4
9 3
0 8
8 4
1 9
6 3
4 3
7 4
5 2
2 8
3 7
1 11
3 9
7 4
5 2
2 10
4 3
8 4
9 3
6 3
0 9
8 4
9 5
4 10
3 11
1 13
5 4
7 5
2 11
0 12
6 4
4 11
9 5
3 12
8 6
6 4
1 13
2 11
7 5
0 14
5 4
9 5
7 5
0 16
3 13
2 11
4 13
1 15
5 10
6 4
8 6
6 6
2 16
3 15
5 13
0 17
8 6
7 7
1 17
4 13
9 6
2 18
9 8
5 15
1 19
0 19
4 16
7 8
3 17
8 8
6 13
3 19
0 20
6 13
9 9
2 20
8 9
7 10
5 16
4 18
1 20
2 22
7 10
3 20
1 22
5 19
9 11
8 10
4 20
0 20
6 18
3 23
1 23
5 21
0 23
4 22
6 19
8 10
7 11
9 11
2 23
3 25
2 25
6 22
1 23
7 20
4 24
9 11
0 25
5 23
8 12
5 25
7 23
9 13
0 27
1 26
3 27
2 26
8 13
4 26
6 24
3 27
5 27
9 15
1 27
4 28
7 25
0 27
8 22
6 26
2 26
2 26
8 26
0 27
6 28
3 27
4 28
9 25
1 27
5 29
7 26
7 29
1 27
9 27
6 30
2 26
8 27
5 31
0 27
4 28
3 27
2 26
0 27
4 31
3 31
7 31
6 32
9 29
5 33
1 27
8 30
2 26
7 33
9 31
3 31
6 34
1 27
8 32
5 35
0 27
4 34
8 34
1 27
9 33
7 35
5 36
0 27
6 35
4 35
2 26
3 35
8 36
0 27
1 27
7 36
9 33
4 35
5 36
6 35
2 36
3 35
9 37
7 36
3 35
1 27
8 38
6 35
0 27
5 36
2 36
4 35
7 39
2 38
9 39
1 37
4 37
8 39
0 27
3 37
5 36
6 35
6 39
0 38
5 39
9 41
7 41
8 41
3 39
1 39
2 38
4 39
7 43
0 40
3 41
4 41
2 38
6 42
5 41
9 43
1 41
8 43
9 45
6 44
0 42
5 43
7 45
2 42
3 43
8 43
4 43
1 42
2 43
6 46
1 44
0 44
8 46
3 45
4 45
7 45
9 47
5 45
2 46
6 48
8 47
4 47
0 46
7 47
9 47
1 46
3 47
5 47
6 49
2 48
9 47
3 49
8 47
1 46
5 49
0 47
7 47
4 49
9 47
6 51
4 51
7 47
1 49
5 51
0 49
8 47
2 49
3 50
6 52
5 51
9 47
4 51
0 50
2 49
8 51
1 49
7 52
3 50
3 50
2 49
5 51
0 50
7 54
1 49
9 52
6 54
8 53
4 51
6 55
7 56
1 49
0 50
4 51
3 50
5 51
2 49
9 54
8 55
9 56
4 51
3 50
7 58
2 49
8 57
5 51
0 50
6 57
1 49
8 59
5 58
3 50
7 59
2 49
9 58
1 49
0 50
4 57
6 59
3 58
6 60
2 57
4 59
8 59
1 49
0 50
7 59
9 60
5 60
8 61
3 60
0 50
2 58
9 61
6 62
4 61
5 62
1 57
7 61
2 60
8 62
4 63
3 62
5 64
6 64
1 60
7 63
9 61
0 58
6 66
0 61
7 65
3 64
1 62
4 65
9 61
8 62
5 66
2 63
8 66
9 65
3 66
6 68
2 65
4 67
5 67
0 63
1 64
7 67
6 69
5 69
7 68
8 68
9 66
4 69
1 66
3 68
2 67
0 65
1 68
3 70
4 69
2 69
7 68
8 70
0 67
5 69
6 69
9 66
2 71
9 71
8 72
3 70
1 70
6 71
5 71
0 69
4 71
7 71
8 74
0 71
6 73
1 72
5 73
7 73
4 73
9 73
3 70
2 71
9 73
8 74
4 75
1 72
0 73
7 75
2 73
6 75
5 75
3 74
0 75
3 76
8 76
1 72
2 74
7 77
4 77
5 77
6 77
9 75
1 76
6 79
4 78
8 77
2 74
9 76
3 78
7 79
5 79
0 77
9 76
3 80
5 81
7 81
6 81
0 79
2 79
8 80
1 78
4 80
1 80
4 82
6 83
5 83
9 81
7 83
2 79
0 79
8 81
3 82
0 79
3 84
1 82
7 85
2 83
8 84
5 85
6 85
9 81
4 83
1 84
2 85
0 83
4 86
8 86
3 86
6 87
7 87
9 81
5 86
3 88
5 88
7 88
8 86
4 88
6 89
0 85
1 86
9 87
2 87
4 90
8 86
2 87
6 91
0 86
1 88
5 90
7 90
9 89
3 90
4 92
0 89
8 90
1 90
5 92
7 91
2 91
9 91
3 91
6 92
9 91
1 91
5 94
6 92
7 91
4 94
3 93
2 93
0 91
8 90
7 91
8 90
5 94
0 93
6 92
1 94
9 91
2 95
4 96
3 93
7 91
5 97
1 96
4 97
8 90
6 92
9 91
3 97
2 97
0 95
5 99
6 98
8 90
7 91
4 99
0 97
1 98
9 91
3 99
2 99
4 101
3 101
1 100
8 90
2 101
5 101
7 98
6 100
0 97
9 91
7 101
6 101
5 103
2 101
3 102
4 103
0 101
9 91
8 90
1 100
6 104
8 102
9 101
7 103
3 104
1 102
4 105
0 102
5 104
2 101
7 103
5 106
6 105
1 104
2 101
0 104
4 106
8 103
3 105
9 103
7 103
1 105
3 105
6 107
9 103
2 101
8 103
5 108
0 106
4 108
2 108
5 110
1 107
7 108
0 108
6 109
9 103
3 109
4 110
8 107
3 111
4 112
8 108
2 110
5 112
9 108
7 110
0 110
1 109
6 111
2 112
7 112
5 114
0 112
4 113
3 113
9 110
6 113
1 111
8 111
7 114
5 116
3 115
4 115
1 112
2 114
9 112
0 114
6 114
8 113
4 117
8 115
2 116
6 117
1 115
3 117
0 114
9 113
5 116
7 116
3 119
2 116
5 118
9 116
6 119
7 118
0 114
1 117
4 119
8 117
5 120
6 119
4 120
1 117
7 120
8 119
2 120
9 116
0 118
3 121
2 121
8 121
4 122
0 120
5 122
1 121
3 122
6 121
9 119
7 122
5 124
0 122
7 124
9 122
3 124
1 123
2 123
6 123
4 124
8 123
3 0
0 0
8 0
9 0
3 0
8 0
9 0
0 0
0 0
8 0
9 0
3 0
8 0
3 0
9 0
0 0
8 0
0 0
9 0
3 1
0 0
9 0
3 1
8 0
8 0
9 0
3 1
0 0
0 0
3 1
8 0
9 0
8 0
3 1
9 0
0 0
2 1
9 0
0 0
1 1
3 1
8 0
0 0
1 1
2 1
9 0
3 1
8 0
9 0
0 0
8 0
1 1
2 1
3 1
9 0
8 0
0 0
3 1
2 2
1 1
0 0
8 0
1 1
2 2
3 1
9 0
1 1
2 2
3 1
9 0
0 0
8 0
2 2
0 0
1 1
9 0
3 1
8 0
0 0
2 2
1 1
9 0
8 0
3 1
2 2
0 0
1 1
9 0
3 1
8 0
7 1
3 1
9 2
1 1
8 2
0 0
2 2
9 2
8 2
1 1
3 1
2 2
0 0
7 1
0 0
8 2
7 1
3 2
9 2
2 2
1 2
9 2
7 1
1 2
2 2
8 2
3 2
0 0
7 1
3 2
1 2
9 3
0 0
2 2
8 2
0 0
2 2
3 3
1 2
8 2
7 1
9 3
0 1
8 2
2 2
7 1
4 2
1 2
9 3
3 3
4 2
1 2
8 2
3 3
2 2
7 1
9 3
0 1
8 3
0 1
2 2
7 3
3 3
9 3
4 2
1 2
8 3
9 3
1 2
2 2
3 3
6 2
4 2
7 3
0 1
1 2
7 3
6 3
8 3
0 1
9 3
2 2
4 2
3 3
7 3
6 3
0 1
3 3
8 3
1 2
2 2
4 2
9 3
1 2
0 1
8 3
4 2
9 3
3 3
7 3
6 3
2 2
1 2
7 3
9 3
2 2
8 3
0 1
3 3
4 2
6 3
0 1
3 3
2 2
6 3
4 2
7 3
9 3
8 3
1 2
0 1
4 2
9 3
2 2
1 2
8 3
7 3
3 3
6 3
5 2
8 5
2 2
9 3
4 2
0 1
6 4
7 3
1 2
3 3
6 5
4 2
5 2
1 2
9 3
0 1
2 2
3 3
8 5
7 3
3 3
0 1
6 5
7 6
2 2
8 5
5 2
9 3
1 2
4 2
0 1
6 6
1 2
7 6
3 3
2 2
9 3
5 2
4 2
8 5
1 2
2 2
5 6
3 3
6 6
9 4
0 1
4 2
8 7
7 8
2 2
9 8
3 3
6 6
0 1
4 4
5 6
1 2
8 7
7 8
4 4
7 8
8 7
1 2
5 6
3 3
9 8
2 2
0 1
6 7
7 8
3 3
4 4
9 8
2 2
5 6
0 1
6 7
8 7
1 2
9 8
1 2
3 3
6 7
5 6
2 2
7 8
4 4
0 1
8 7
8 7
6 7
7 8
4 6
9 8
2 4
0 1
5 8
1 4
3 5
9 8
8 7
5 8
1 4
4 7
3 7
2 6
7 8
6 7
0 4
9 8
8 7
3 7
5 10
4 9
2 8
6 7
7 8
1 4
0 4
8 7
2 9
5 10
3 10
7 8
1 8
0 8
6 7
9 8
4 10
5 12
8 7
7 10
3 11
9 8
2 11
0 8
1 8
4 12
6 10
7 10
6 10
3 13
4 14
0 10
5 13
1 11
2 13
8 11
9 10
9 12
6 14
5 14
2 14
0 12
1 11
7 13
4 14
3 15
8 12
5 14
8 12
7 15
9 13
6 15
2 16
1 12
0 12
3 16
4 15
0 16
4 15
1 16
8 16
6 17
2 17
7 17
9 13
5 14
3 16
9 17
0 17
2 18
5 17
6 19
4 17
3 18
1 18
8 18
7 19
6 21
8 20
4 19
9 19
1 18
7 20
0 19
5 20
3 19
2 18
0 19
9 21
5 22
8 21
1 18
7 22
4 21
2 18
6 23
3 21
1 21
8 23
3 21
0 21
9 23
6 25
4 23
5 23
2 21
7 24
8 24
2 23
4 25
9 25
5 26
1 23
6 27
3 24
0 23
7 24
3 26
0 25
8 27
2 24
5 28
4 27
1 24
7 28
6 29
9 25
5 30
2 27
7 29
9 28
8 28
0 27
3 28
6 31
1 24
4 27
4 31
0 28
9 30
1 28
3 30
7 32
2 29
6 33
8 31
5 32
3 31
1 29
0 28
4 33
8 33
7 34
6 34
5 34
9 32
2 31
6 36
7 35
2 33
8 34
0 31
4 35
1 32
5 36
3 34
9 34
4 37
5 36
1 34
6 36
3 36
7 35
9 36
0 33
8 36
2 35
0 35
8 38
4 38
6 38
9 38
1 36
7 35
2 37
5 38
3 38
0 37
4 38
6 40
2 39
1 38
8 38
7 39
9 40
3 40
5 40
5 42
1 40
8 41
3 42
4 38
0 39
2 40
7 40
6 42
9 42
3 44
2 42
6 44
4 43
1 42
5 44
0 40
9 42
7 43
8 43
2 45
4 45
9 42
3 45
5 46
7 45
8 45
1 44
6 46
0 43
3 47
0 45
4 47
7 47
2 47
6 48
8 47
5 47
9 45
1 46
3 49
1 48
9 48
0 47
7 49
8 49
4 48
6 50
2 49
5 47
1 49
7 50
3 51
9 50
8 51
6 51
4 48
0 47
2 51
5 47
3 53
7 52
5 47
8 53
1 51
0 51
9 50
4 51
2 53
6 51
3 53
7 53
5 53
8 53
1 54
0 53
6 53
9 50
4 51
2 53
5 53
4 51
3 53
1 56
8 53
0 54
6 55
7 55
9 50
2 53
9 50
4 55
3 56
2 57
7 57
0 57
8 56
6 57
5 53
1 56
9 57
7 59
0 57
2 59
4 57
8 58
3 58
1 58
6 59
5 58
8 60
5 60
3 60
4 59
2 59
1 60
9 58
0 59
7 61
6 61
4 61
9 60
6 62
8 62
7 62
5 62
1 62
3 60
0 60
2 61
3 62
5 64
6 64
0 60
7 62
9 62
2 62
1 62
4 63
8 64
0 60
3 64
6 66
9 65
5 66
4 65
1 62
2 62
8 66
7 65
0 60
7 67
5 68
6 68
2 65
8 67
9 67
3 66
1 62
4 67
2 67
4 69
5 70
1 66
6 70
7 68
8 69
3 68
9 69
0 65
3 69
7 71
0 67
2 69
9 71
4 71
5 72
8 71
1 68
6 70
9 73
5 74
2 71
0 68
6 73
3 72
7 73
8 73
4 72
1 70
0 71
1 71
2 71
6 73
4 75
3 74
9 75
5 76
8 75
7 75
4 77
3 76
1 71
7 77
0 73
5 77
8 77
9 77
6 77
2 75
4 79
7 79
3 78
5 77
6 79
1 76
9 79
0 75
2 76
8 78
2 76
8 80
1 78
7 81
6 81
5 80
9 81
4 80
3 78
0 77
8 82
6 83
1 80
5 82
0 77
4 80
7 82
3 78
2 80
9 81
2 80
7 84
0 80
6 84
5 84
4 83
1 80
3 78
8 83
9 83
4 85
5 86
8 85
0 82
6 86
7 86
3 84
2 83
1 82
9 84
1 84
2 83
4 87
8 85
5 88
3 86
0 83
9 84
7 88
6 88
7 90
1 86
2 87
5 90
8 89
0 83
3 88
6 90
4 89
9 88
4 91
2 89
1 88
7 92
5 92
3 89
6 91
0 87
8 91
9 90
7 94
0 88
4 92
6 91
1 90
9 92
5 94
2 91
8 93
3 92
9 94
1 92
0 91
7 96
8 95
6 95
4 95
3 92
2 93
5 96
6 97
5 98
4 96
1 94
3 96
8 97
7 98
9 96
2 95
0 93
2 97
7 100
5 100
3 98
1 94
9 98
0 94
4 99
8 99
6 98
0 97
7 100
6 101
3 99
1 98
9 100
2 99
4 99
8 100
5 102
9 102
2 100
0 99
3 102
5 102
1 100
8 102
7 102
6 103
4 103
0 0
3 0
8 0
9 0
0 0
9 0
3 0
8 0
0 0
9 0
8 0
3 0
9 0
8 0
3 0
0 0
0 0
8 0
9 0
3 1
9 0
3 1
8 0
0 0
9 0
0 0
3 1
8 0
8 0
3 1
9 0
0 0
9 0
3 1
8 0
0 0
8 0
9 0
3 1
0 0
1 1
3 1
8 0
2 1
9 0
0 0
3 1
8 0
0 0
9 0
2 1
1 1
0 0
3 1
8 0
1 1
9 0
2 2
0 0
9 0
1 1
3 1
2 2
8 0
8 0
0 0
3 1
1 1
9 0
2 2
1 1
8 0
2 2
3 1
0 0
9 0
0 0
9 0
1 1
2 2
3 1
8 0
1 1
3 1
9 0
0 0
8 0
2 2
1 1
9 2
8 2
2 2
3 1
0 0
7 1
1 1
8 2
9 2
2 2
3 1
0 0
7 1
9 2
2 2
0 0
7 1
1 1
3 1
8 2
8 3
3 2
7 1
2 2
1 2
9 2
0 0
8 3
2 2
0 0
1 2
7 1
3 2
9 2
7 2
3 2
9 2
1 3
0 0
2 2
8 3
2 2
9 2
7 2
1 3
0 1
8 3
3 2
8 3
1 3
3 3
7 2
9 2
2 2
0 4
4 2
2 4
0 4
8 3
9 3
6 2
7 2
1 5
3 3
3 3
8 3
0 6
6 2
4 2
1 7
2 6
9 3
7 2
1 7
6 2
4 2
7 2
3 6
0 8
2 6
9 3
8 3
1 9
3 6
9 3
6 2
8 3
4 2
2 8
0 10
7 2
7 4
2 10
5 3
6 2
9 3
0 11
8 3
1 9
4 2
3 6
9 5
4 2
1 10
5 3
6 5
0 13
3 9
8 5
2 10
7 5
2 13
4 2
8 5
9 6
0 14
6 6
5 4
1 14
7 6
3 10
3 14
0 16
2 14
1 16
4 2
7 7
5 6
9 6
6 6
8 7
3 15
8 7
5 7
0 17
6 6
7 7
1 17
2 17
9 8
4 2
7 9
4 8
2 19
1 19
9 9
8 9
0 19
3 18
5 7
6 6
6 8
8 11
0 21
5 8
2 20
3 20
4 19
9 11
7 11
1 20
1 22
8 12
6 12
5 20
7 13
0 23
3 21
4 21
2 22
9 11
8 14
4 22
3 21
2 23
1 24
9 12
5 21
7 14
0 23
6 20
3 21
6 20
1 26
8 16
0 25
9 15
2 23
4 22
7 16
5 21
8 18
0 27
1 28
5 21
9 17
4 22
6 20
7 17
2 26
3 26
0 29
2 29
1 28
3 28
7 21
6 21
4 27
8 20
5 21
9 19
2 30
0 31
7 23
6 21
9 21
5 27
1 30
8 20
3 29
4 28
2 32
7 25
6 21
0 33
1 32
9 23
4 28
3 29
5 27
8 20
4 32
5 27
2 34
7 27
1 33
9 24
8 26
0 35
6 27
3 33
6 27
0 37
9 27
1 36
8 26
7 27
2 36
3 35
4 32
5 27
4 36
8 26
9 27
5 33
2 37
6 32
3 37
1 38
7 27
0 39
8 26
0 41
2 39
1 40
7 32
4 38
5 37
3 39
6 34
9 27
2 40
0 42
3 39
8 34
1 42
6 38
7 34
4 40
9 27
5 39
8 38
1 44
0 44
5 41
2 42
6 40
7 39
3 41
9 35
4 41
0 46
3 44
8 39
5 42
4 43
1 46
2 45
6 42
9 39
7 41
4 45
1 48
3 46
5 44
9 41
2 47
6 44
0 48
7 43
8 41
9 42
1 50
5 46
4 45
3 46
0 50
8 43
2 49
6 46
7 45
1 52
3 50
5 48
9 45
6 48
0 52
4 49
2 51
7 47
8 46
9 47
5 50
2 53
1 53
7 49
3 51
8 47
4 51
6 50
0 53
3 54
7 51
9 49
2 55
6 52
8 50
5 52
0 55
4 53
1 55
7 53
6 54
8 52
3 56
9 49
1 57
2 57
4 55
5 54
0 57
9 53
2 59
3 58
1 59
4 57
5 56
0 58
8 54
6 56
7 55
3 60
5 58
4 59
1 59
0 58
6 58
7 56
8 55
2 60
9 55
1 59
9 57
8 58
7 59
5 60
3 60
0 58
4 61
2 60
6 60
1 59
2 60
8 60
6 60
5 61
9 59
4 61
3 60
0 58
7 61
9 61
8 62
2 60
1 59
7 63
5 63
0 58
3 62
4 63
6 62
1 59
6 64
3 64
0 58
5 65
7 65
9 62
2 63
4 65
8 64
7 67
4 67
5 67
8 66
1 64
3 66
2 64
6 66
0 58
9 65
9 67
6 68
1 66
2 67
4 67
5 67
3 68
8 68
7 69
0 65
0 66
9 69
1 68
3 70
6 69
8 69
7 69
5 69
2 69
4 69
5 71
4 70
8 71
9 71
3 70
6 71
2 71
1 68
0 69
7 71
8 73
2 73
9 73
0 71
5 72
4 72
7 73
1 72
6 73
3 72
1 73
2 74
9 75
8 74
7 73
3 74
5 74
4 74
6 73
0 72
8 76
5 76
4 76
2 76
9 76
7 73
0 72
6 73
3 76
1 73
3 78
0 72
7 76
1 77
4 77
6 77
2 78
8 78
5 78
9 78
7 79
3 79
0 78
4 79
6 79
8 80
1 78
5 79
9 79
2 79
4 80
8 80
6 79
9 79
3 79
5 79
1 78
2 79
0 80
7 81
8 82
2 81
5 79
0 82
6 79
4 80
7 83
9 79
3 81
1 81
4 82
9 83
6 83
5 83
3 83
7 85
0 84
1 83
2 83
8 84
9 84
0 85
7 87
2 85
8 85
6 86
1 83
5 85
3 85
4 84
6 88
4 86
1 86
5 85
2 87
8 88
0 85
9 87
7 89
3 87
9 89
7 91
4 88
5 89
8 90
1 88
0 87
6 90
2 88
3 89
0 89
4 90
1 90
5 90
2 90
7 92
6 92
9 91
8 92
3 91
9 93
0 91
8 94
4 92
5 92
7 92
2 92
1 92
3 93
6 92
7 95
2 94
4 93
5 92
8 96
1 94
6 92
0 93
3 93
9 95
5 95
8 98
9 97
4 95
7 97
6 96
2 96
1 96
3 95
0 94
1 98
9 99
7 99
3 97
4 97
6 97
2 97
0 97
5 97
8 100
5 99
9 101
2 99
6 100
0 99
8 100
1 99
7 101
4 99
3 99
2 101
9 103
5 101
1 101
8 102
0 101
3 101
6 102
4 101
7 101
8 104
0 103
2 103
9 103
1 102
3 103
5 103
6 104
7 103
4 103
8 106
3 105
6 106
1 104
9 103
7 105
4 105
5 105
2 105
0 104
9 106
3 106
7 107
8 108
6 108
0 106
4 107
5 107
2 105
1 106
9 109
2 107
4 108
3 108
1 108
5 109
8 110
0 107
6 110
7 109
0 109
3 110
4 110
8 112
7 111
5 109
1 110
2 109
9 111
6 110
8 114
0 110
2 110
5 109
1 112
3 112
9 113
4 112
6 112
7 113
5 113
4 113
8 115
9 115
7 115
1 114
3 114
0 113
6 113
2 113
8 117
5 114
6 116
0 114
1 116
4 113
7 117
2 115
3 114
9 117
7 119
5 117
4 116
1 118
8 119
9 117
3 116
6 118
0 116
2 117
4 118
1 119
2 119
7 121
3 118
0 119
6 120
8 121
5 119
9 117
2 121
0 121
1 121
8 123
7 123
4 119
3 119
6 122
5 121
9 122
4 122
5 121
0 123
7 123
2 123
1 123
9 124
6 124
3 122
8 125
4 124
9 126
2 125
0 125
5 125
6 126
3 124
1 125
7 126
8 127
2 127
7 128
8 128
1 127
6 128
4 125
0 127
5 127
9 127
3 126
7 130
6 130
5 129
2 127
9 127
0 129
3 128
4 127
1 128
8 128
