S matrix: 
2.0 0.0 0.0 2.0 0.0 0.0 0.0 1.0 2.0 2.0 
1.0 1.0 1.0 1.0 1.0 1.0 1.0 1.0 1.0 1.0 
0.0 1.0 1.0 1.0 1.0 1.0 1.0 1.0 1.0 1.0 
R matrix: 
40.0 11.0 119.0 16.0 11.0 28.0 3.0 80.0 14.0 10.0 
61.0 10.0 5.0 2.0 52.0 11.0 81.0 2.0 51.0 63.0 
4.0 18.0 7.0 19.0 24.0 14.0 7.0 23.0 1.0 5.0 
L matrix: 
2.0 -1.0 -1.0 2.0 -1.0 -1.0 -1.0 -1.0 2.0 2.0 
-1.0 -1.0 -1.0 -1.0 -1.0 -1.0 -1.0 -1.0 -1.0 -1.0 
-1.0 -1.0 -1.0 -1.0 -1.0 -1.0 -1.0 -1.0 -1.0 -1.0 
8 0
8 0
8 0
9 0
9 0
9 0
3 0
3 0
0 0
0 0
3 0
9 0
9 0
9 0
9 0
9 0
9 0
9 0
9 0
0 0
0 0
3 0
9 0
9 0
9 0
9 0
9 0
9 0
3 0
3 0
3 0
9 0
9 0
8 0
8 0
8 0
9 0
9 0
9 0
9 0
9 0
9 0
9 0
9 0
9 0
3 0
9 0
9 0
9 0
8 0
8 0
8 0
9 0
9 0
9 0
0 0
0 0
8 0
9 0
3 0
3 0
3 0
9 0
9 0
8 0
8 0
9 0
9 0
9 0
9 0
9 0
9 0
9 0
9 0
9 0
9 0
0 0
3 0
8 0
3 1
8 0
8 0
8 0
8 0
8 0
9 0
9 0
9 0
9 0
0 0
8 0
9 0
9 0
9 0
9 0
9 0
9 0
9 0
9 0
9 0
9 0
9 0
9 0
9 0
8 0
8 0
8 0
9 0
9 0
9 0
0 0
9 0
3 1
8 0
9 0
9 0
9 0
9 0
9 0
9 0
9 0
3 1
9 0
9 0
9 0
0 0
0 0
0 0
8 0
8 0
8 0
9 0
9 0
9 0
0 0
8 0
9 0
8 0
8 0
8 0
9 0
9 0
9 0
3 1
3 1
8 0
9 0
9 0
9 0
9 0
9 0
9 0
0 0
3 1
8 0
3 1
3 1
9 0
9 0
9 0
9 0
9 0
9 0
8 0
8 0
8 0
9 0
9 0
9 0
8 0
8 0
8 0
9 0
9 0
9 0
0 0
0 0
9 0
9 0
9 0
9 0
9 0
9 0
9 0
3 1
8 0
8 0
8 0
8 0
8 0
9 0
9 0
9 0
9 0
9 0
9 0
9 0
9 0
9 0
0 0
3 1
3 1
3 1
9 0
3 1
3 1
3 1
8 0
8 0
8 0
8 0
8 0
9 0
2 1
3 1
9 0
9 0
9 0
9 0
9 0
9 0
9 0
0 0
0 0
8 0
8 0
9 0
9 0
9 0
9 0
2 1
9 0
9 0
9 0
9 0
3 1
9 0
1 1
9 0
9 0
9 0
9 0
9 0
9 0
0 0
0 0
1 1
8 0
9 0
0 0
3 1
3 1
9 0
9 0
1 1
1 1
3 1
8 0
9 0
9 0
9 0
2 1
2 1
2 1
9 0
9 0
9 0
9 0
9 0
9 0
8 0
8 0
8 0
8 0
9 0
9 0
8 2
8 2
8 2
8 2
9 2
9 2
9 2
9 2
9 2
9 2
9 2
9 2
7 1
7 1
7 1
8 2
9 2
9 2
2 2
2 2
3 1
9 2
1 1
1 1
7 1
7 1
8 2
9 2
3 1
9 2
0 0
7 1
9 2
3 1
3 1
9 2
8 2
8 2
8 2
9 2
9 2
9 2
9 2
9 2
9 2
9 2
9 2
9 2
2 2
7 1
7 1
8 2
0 0
0 0
8 2
8 2
9 2
1 1
1 1
7 1
7 1
8 2
7 1
7 1
7 1
8 2
9 2
9 2
9 2
9 2
9 2
9 2
9 2
9 2
1 1
1 1
3 1
7 1
8 2
3 1
3 1
8 2
9 2
9 2
9 2
8 2
8 2
8 2
8 2
8 2
9 2
7 1
7 1
7 1
7 1
9 2
9 2
0 0
1 1
2 2
2 2
2 2
7 1
8 2
9 2
7 1
8 2
9 2
9 2
9 2
9 2
8 2
8 2
8 2
8 2
9 2
9 2
1 1
2 2
3 1
7 1
8 2
9 2
9 2
9 2
9 2
9 2
9 2
3 1
7 1
7 1
9 2
0 0
9 2
9 2
2 2
3 1
7 1
7 1
9 2
8 2
8 2
8 2
8 2
9 2
9 2
2 2
7 1
8 2
7 1
7 1
8 2
8 2
8 2
9 2
9 2
9 2
9 2
9 2
9 2
9 2
1 1
2 2
2 2
0 0
0 0
8 2
8 2
9 2
3 1
3 1
7 1
7 1
9 2
9 2
9 3
9 3
9 3
9 3
9 3
9 3
6 2
6 2
7 2
7 2
8 2
8 2
2 2
2 2
3 1
9 3
1 1
2 2
7 2
9 3
9 3
9 3
3 1
6 2
6 2
7 2
8 2
8 2
8 2
8 2
8 2
8 2
9 3
7 2
7 2
8 2
8 2
9 3
9 3
0 0
0 0
2 2
8 2
9 3
9 3
9 3
9 3
9 3
9 3
9 3
0 0
1 1
1 1
1 1
2 2
2 2
7 2
8 2
8 2
8 2
9 3
9 3
9 3
6 2
6 2
6 2
6 2
7 2
8 2
7 2
8 2
8 2
8 2
9 3
9 3
3 1
3 1
7 2
8 2
2 2
3 1
6 2
7 2
7 2
1 1
1 1
3 1
3 1
8 2
8 2
8 2
8 2
8 2
8 2
9 3
6 2
6 2
6 2
8 2
8 2
9 3
9 3
9 3
9 3
9 3
9 3
9 3
2 2
2 2
2 2
3 1
8 2
9 3
0 0
1 1
1 1
2 2
6 2
8 2
7 2
7 2
7 2
7 2
8 2
9 3
3 1
8 2
9 3
0 0
2 2
7 2
9 3
9 3
9 3
9 3
9 3
9 3
9 3
9 3
1 1
1 1
7 2
9 3
9 3
6 2
6 2
6 2
7 2
7 2
8 2
8 2
8 2
8 2
9 3
9 3
9 3
2 2
3 1
6 2
8 2
9 3
7 2
7 2
7 2
8 2
8 2
9 3
3 1
3 1
7 2
9 3
9 3
9 3
9 3
9 3
9 3
9 3
0 0
0 0
6 2
6 2
6 2
8 2
8 2
9 3
9 3
9 3
9 3
3 2
3 2
6 2
2 2
7 2
8 2
8 2
1 1
1 1
1 1
2 2
3 2
6 2
6 2
6 2
6 2
7 2
9 3
7 2
7 2
7 2
8 2
9 3
9 3
2 2
2 2
3 2
9 3
9 3
9 3
9 3
9 3
9 3
1 1
3 2
3 2
9 3
7 2
7 2
8 2
9 3
9 3
9 3
6 2
7 2
8 2
8 2
9 3
9 3
3 2
3 2
3 2
8 2
8 2
8 2
8 2
9 3
9 3
9 3
0 0
1 1
1 1
3 2
9 3
2 3
2 3
4 2
8 2
8 2
0 0
0 0
1 3
9 3
9 3
9 3
9 3
9 3
9 3
6 2
6 2
8 2
8 2
9 3
9 3
7 2
7 2
7 2
7 2
9 3
9 3
8 2
8 2
8 2
9 3
9 3
9 3
3 2
8 2
8 2
8 2
9 3
4 2
4 2
7 2
8 2
9 3
1 3
6 2
6 2
6 2
7 2
8 2
9 3
9 3
9 3
9 3
9 3
3 2
4 2
7 2
7 2
8 2
9 3
2 3
3 2
4 2
6 3
7 2
8 2
1 3
2 3
3 2
4 2
6 3
6 3
7 2
7 2
7 2
7 2
9 3
9 3
5 2
5 2
6 3
8 2
9 3
9 3
4 2
6 3
6 3
8 2
9 3
9 3
6 3
6 3
6 3
7 2
8 2
9 3
0 0
2 3
2 3
2 3
5 2
9 3
9 3
9 3
9 3
9 3
9 3
9 3
4 2
4 2
4 2
4 2
4 2
6 3
3 2
6 3
6 3
7 2
9 3
9 3
1 3
1 3
5 2
6 3
8 2
8 2
6 3
8 2
8 2
8 2
9 3
9 3
9 3
9 3
9 3
9 3
9 3
9 3
0 0
0 0
2 3
7 2
8 2
8 2
5 2
6 3
8 2
8 2
8 2
8 2
2 3
3 2
4 2
6 3
7 2
7 2
8 2
8 2
8 2
8 2
8 2
9 3
7 2
7 2
7 2
7 2
7 2
9 3
8 2
8 2
8 2
8 2
9 3
9 3
1 3
1 3
2 3
2 3
4 2
9 3
6 3
7 2
8 2
8 2
9 3
9 3
9 3
9 3
9 3
9 3
9 3
9 3
3 2
4 2
4 2
5 2
7 2
7 2
4 2
4 2
4 2
5 2
6 3
9 3
0 0
0 0
0 0
5 2
6 3
8 2
7 2
7 2
9 3
9 3
9 3
9 3
2 3
3 2
5 2
6 3
8 2
8 2
5 2
5 2
5 2
7 2
7 2
7 2
4 4
4 4
6 3
6 3
7 2
9 3
3 4
3 4
3 4
3 4
5 4
7 2
7 2
7 2
7 2
7 2
7 2
9 3
2 3
2 3
5 4
8 3
8 3
9 3
6 3
6 3
6 3
6 3
8 3
9 3
9 3
9 3
9 3
9 3
9 3
9 3
1 3
1 3
3 4
6 3
8 3
9 3
8 3
8 3
9 3
9 3
9 3
9 3
0 0
2 3
2 3
3 4
4 4
8 3
5 4
5 4
6 3
6 3
7 2
8 3
0 0
2 5
2 5
5 4
6 3
6 3
5 4
5 4
6 3
7 2
7 2
8 3
2 5
3 4
5 4
7 2
7 2
8 3
8 3
8 3
9 3
9 3
9 3
9 3
4 4
4 4
5 4
6 3
7 2
9 3
3 4
4 4
5 4
6 3
7 2
9 3
6 3
6 3
6 3
8 3
8 3
8 3
1 4
1 4
2 5
3 4
5 4
9 3
9 3
9 3
9 3
9 3
9 3
9 3
7 2
7 2
7 2
8 3
8 3
8 3
4 6
5 6
5 6
8 3
8 3
9 3
1 4
3 5
3 5
7 2
7 2
9 3
2 5
3 5
4 6
5 6
8 3
8 3
9 3
9 3
9 3
9 3
9 3
9 3
8 3
8 3
9 3
9 3
9 3
9 3
0 0
1 4
4 6
5 6
9 3
9 3
7 2
7 2
8 3
8 3
8 3
9 3
6 5
6 5
7 2
8 3
8 3
9 3
3 5
3 5
3 5
4 6
6 5
8 3
5 6
6 5
6 5
7 2
7 2
9 3
7 6
8 5
8 5
8 5
8 5
9 5
3 7
3 7
5 8
8 5
8 5
8 5
5 8
6 7
7 6
9 5
9 5
9 5
1 6
2 6
6 7
7 6
8 5
9 5
2 6
2 6
3 7
3 7
6 7
9 5
9 5
9 5
9 5
9 5
9 5
9 5
6 7
7 6
8 5
9 5
9 5
9 5
4 8
5 8
8 5
8 5
8 5
9 5
8 5
8 5
8 5
8 5
8 5
9 5
0 5
0 5
1 6
1 6
5 8
7 6
2 8
2 8
5 10
6 8
6 8
9 6
6 8
6 8
8 7
8 7
8 7
9 6
9 6
9 6
9 6
9 6
9 6
9 6
4 9
5 10
6 8
8 7
8 7
9 6
0 5
2 8
2 8
6 8
7 8
9 6
3 9
3 9
7 8
7 8
8 7
9 6
7 8
7 8
7 8
8 7
9 6
9 6
1 7
1 7
4 9
5 10
5 10
5 10
5 10
5 10
5 10
5 10
7 8
8 7
8 7
8 7
9 6
9 6
9 6
9 6
9 8
9 8
9 8
9 8
9 8
9 8
5 12
6 8
6 8
6 8
8 9
9 8
8 9
8 9
9 8
9 8
9 8
9 8
1 9
1 9
2 10
3 11
5 12
8 9
2 10
3 11
3 11
5 12
6 8
8 9
3 11
4 11
5 12
6 8
6 8
8 9
7 8
7 8
7 8
8 9
8 9
9 8
6 8
6 8
7 8
8 9
9 8
9 8
4 11
4 11
6 8
7 8
8 9
8 9
0 8
1 9
1 9
4 11
9 8
9 8
1 11
1 11
2 11
5 13
7 12
7 12
2 11
2 11
5 13
5 13
7 12
8 11
4 13
5 13
6 12
8 11
9 10
9 10
5 13
5 13
6 12
9 10
9 10
9 10
7 12
7 12
7 12
8 11
8 11
9 10
3 13
3 13
3 13
8 11
8 11
9 10
8 11
8 11
8 11
9 10
9 10
9 10
0 10
2 11
5 13
6 12
8 11
9 10
6 12
6 12
7 12
7 12
8 11
9 10
9 10
9 10
9 10
9 10
9 10
9 10
5 15
5 15
6 12
8 13
8 13
8 13
9 10
9 10
9 10
9 10
9 10
9 10
7 13
7 13
7 13
8 13
8 13
9 10
2 14
4 13
5 15
6 12
8 13
9 10
6 12
8 13
9 10
9 10
9 10
9 10
8 13
8 13
8 13
8 13
9 10
9 10
0 12
0 12
4 13
8 13
8 13
8 13
3 15
3 15
4 13
6 12
8 13
9 10
4 13
4 13
6 12
7 13
8 13
8 13
1 13
1 13
3 15
7 13
7 13
8 13
3 17
3 17
3 17
4 15
5 17
6 16
6 16
6 16
7 13
7 13
9 10
9 10
2 16
2 16
3 17
5 17
7 13
9 10
5 17
6 16
6 16
7 13
8 15
8 15
9 10
9 10
9 10
9 10
9 10
9 10
0 14
0 14
1 15
4 15
4 15
5 17
7 13
7 13
8 15
9 10
9 10
9 10
1 15
3 17
6 16
8 15
9 10
9 10
8 15
8 15
8 15
8 15
9 10
9 10
4 15
4 15
5 17
5 17
7 13
9 10
8 17
8 17
8 17
8 17
8 17
9 16
9 16
9 16
9 16
9 16
9 16
9 16
3 19
3 19
3 19
4 18
6 18
7 17
5 18
7 17
8 17
8 17
9 16
9 16
6 18
6 18
6 18
9 16
9 16
9 16
7 17
7 17
7 17
7 17
7 17
8 17
0 16
4 18
6 18
6 18
6 18
8 17
1 17
4 18
5 18
5 18
6 18
8 17
4 18
6 18
6 18
7 17
8 17
9 16
2 18
4 18
4 18
8 17
8 17
9 16
2 20
3 21
6 20
7 19
7 19
8 19
9 18
9 18
9 18
9 18
9 18
9 18
7 19
7 19
7 19
7 19
9 18
9 18
0 18
3 21
3 21
6 20
7 19
9 18
6 20
6 20
7 19
7 19
8 19
9 18
3 21
4 20
4 20
6 20
7 19
9 18
5 20
5 20
6 20
7 19
8 19
9 18
8 19
8 19
8 19
9 18
9 18
9 18
4 20
4 20
6 20
7 19
7 19
8 19
1 19
1 19
2 20
5 20
6 20
8 19
8 21
8 21
8 21
8 21
8 21
9 20
1 21
3 21
4 22
7 19
7 19
7 19
6 22
7 19
7 19
8 21
9 20
9 20
4 22
5 21
6 22
7 19
7 19
8 21
9 20
9 20
9 20
9 20
9 20
9 20
2 22
2 22
6 22
7 19
8 21
9 20
3 21
3 21
4 22
4 22
5 21
8 21
5 21
5 21
6 22
8 21
9 20
9 20
7 19
7 19
7 19
8 21
8 21
9 20
0 18
0 18
2 22
4 22
7 19
8 21
9 22
9 22
9 22
9 22
9 22
9 22
3 23
4 24
4 24
7 23
7 23
8 21
2 24
3 23
5 23
5 23
7 23
9 22
8 21
8 21
8 21
8 21
9 22
9 22
5 23
5 23
6 23
6 23
8 21
9 22
0 22
1 22
2 24
5 23
7 23
8 21
4 24
4 24
4 24
7 23
8 21
9 22
6 23
6 23
6 23
7 23
7 23
9 22
1 22
1 22
3 23
3 23
6 23
8 21
7 23
7 23
7 23
8 21
8 21
9 22
7 25
7 25
8 24
8 24
8 24
9 24
1 25
2 25
2 25
3 25
6 25
6 25
8 24
8 24
8 24
8 24
9 24
9 24
4 25
4 25
6 25
7 25
7 25
9 24
2 25
2 25
3 25
4 25
7 25
8 24
0 24
2 25
2 25
4 25
6 25
7 25
5 25
6 25
7 25
7 25
9 24
9 24
6 25
7 25
7 25
8 24
9 24
9 24
9 24
9 24
9 24
9 24
9 24
9 24
3 25
4 25
6 25
7 25
9 24
9 24
4 27
4 27
4 27
5 27
8 25
8 25
1 27
1 27
5 27
6 27
6 27
8 25
8 25
8 25
9 26
9 26
9 26
9 26
6 27
6 27
6 27
6 27
7 27
9 26
0 26
2 27
4 27
5 27
5 27
7 27
9 26
9 26
9 26
9 26
9 26
9 26
3 27
4 27
4 27
4 27
5 27
5 27
7 27
7 27
8 25
9 26
9 26
9 26
5 27
5 27
6 27
6 27
7 27
8 25
2 27
2 27
2 27
3 27
3 27
5 27
4 29
5 29
5 29
6 29
8 28
9 28
3 29
3 29
4 29
6 29
8 28
8 28
1 29
1 29
2 29
4 29
5 29
6 29
6 29
6 29
7 29
7 29
9 28
9 28
8 28
8 28
8 28
8 28
8 28
9 28
2 29
3 29
4 29
5 29
7 29
9 28
0 28
2 29
5 29
5 29
5 29
7 29
7 29
8 28
8 28
9 28
9 28
9 28
5 29
6 29
7 29
7 29
9 28
9 28
9 28
9 28
9 28
9 28
9 28
9 28
0 30
1 31
7 31
7 31
7 31
8 30
5 30
5 30
6 31
6 31
6 31
7 31
6 31
7 31
8 30
8 30
8 30
9 30
3 31
4 31
5 30
6 31
8 30
9 30
2 31
6 31
6 31
7 31
9 30
9 30
7 31
7 31
7 31
8 30
8 30
8 30
8 30
8 30
8 30
8 30
9 30
9 30
9 30
9 30
9 30
9 30
9 30
9 30
1 31
5 30
8 30
8 30
8 30
9 30
4 31
4 31
7 31
7 31
7 31
9 30
6 33
6 33
6 33
7 33
9 32
9 32
2 32
3 33
5 30
6 33
7 33
9 32
7 33
8 32
8 32
9 32
9 32
9 32
5 30
5 30
7 33
7 33
7 33
9 32
1 33
1 33
3 33
3 33
3 33
8 32
0 32
2 32
3 33
3 33
6 33
9 32
8 32
8 32
8 32
8 32
9 32
9 32
4 33
6 33
6 33
6 33
7 33
8 32
3 33
4 33
5 30
6 33
6 33
6 33
9 32
9 32
9 32
9 32
9 32
9 32
0 34
0 34
1 35
2 34
9 34
9 34
2 34
2 34
5 34
5 34
6 33
8 33
6 33
6 33
6 33
6 33
8 33
9 34
1 35
2 34
4 35
5 34
6 33
9 34
9 34
9 34
9 34
9 34
9 34
9 34
3 35
3 35
3 35
6 33
7 33
9 34
7 33
7 33
7 33
7 33
9 34
9 34
4 35
4 35
4 35
5 34
8 33
8 33
5 34
6 33
6 33
7 33
7 33
8 33
8 33
8 33
8 33
9 34
9 34
9 34
0 36
0 36
1 37
5 36
7 33
9 34
3 37
3 37
4 37
6 33
8 33
9 34
6 33
6 33
6 33
6 33
6 33
8 33
2 34
2 34
4 37
7 33
8 33
9 34
4 37
4 37
5 36
6 33
8 33
9 34
5 36
5 36
6 33
7 33
8 33
8 33
9 34
9 34
9 34
9 34
9 34
9 34
7 33
7 33
7 33
7 33
7 33
8 33
1 37
4 37
5 36
7 33
8 33
9 34
8 33
8 33
8 33
8 33
9 34
9 34
8 33
8 33
8 33
9 34
9 34
9 34
4 39
4 39
4 39
4 39
5 38
5 38
6 37
6 37
6 37
7 33
8 33
9 34
0 37
0 37
0 37
2 38
2 38
4 39
1 37
1 37
4 39
5 38
5 38
8 33
5 38
5 38
5 38
6 37
8 33
9 34
9 34
9 34
9 34
9 34
9 34
9 34
2 38
2 38
2 38
3 39
4 39
6 37
7 33
7 33
7 33
8 33
8 33
8 33
3 39
6 37
6 37
8 33
9 34
9 34
7 38
8 33
8 33
9 34
9 34
9 34
3 41
4 41
7 38
8 33
8 33
9 34
4 41
4 41
4 41
8 33
8 33
9 34
6 39
6 39
7 38
7 38
8 33
9 34
2 40
2 40
3 41
4 41
7 38
7 38
8 33
8 33
8 33
9 34
9 34
9 34
1 39
1 39
3 41
4 41
6 39
7 38
9 34
9 34
9 34
9 34
9 34
9 34
0 39
0 39
4 41
4 41
7 38
9 34
5 40
5 40
5 40
7 38
8 33
9 34
8 38
8 38
8 38
9 38
9 38
9 38
2 40
3 43
4 43
4 43
4 43
5 41
3 43
3 43
4 43
4 43
6 41
7 40
5 41
6 41
6 41
7 40
7 40
9 38
4 43
5 41
6 41
7 40
7 40
7 40
6 41
6 41
7 40
7 40
9 38
9 38
1 41
1 41
1 41
2 40
6 41
7 40
0 41
2 40
2 40
5 41
7 40
9 38
9 38
9 38
9 38
9 38
9 38
9 38
7 40
7 40
7 40
7 40
9 38
9 38
2 44
2 44
3 45
4 45
5 44
6 42
8 38
8 38
8 38
8 38
9 38
9 38
0 43
0 43
0 43
1 43
2 44
3 45
6 42
6 42
7 42
7 42
8 38
8 38
5 44
5 44
7 42
7 42
8 38
9 38
1 43
1 43
1 43
2 44
2 44
9 38
9 38
9 38
9 38
9 38
9 38
9 38
7 42
7 42
7 42
8 38
9 38
9 38
4 45
6 42
6 42
7 42
8 38
9 38
3 45
3 45
4 45
5 44
6 42
7 42
9 38
9 38
9 38
9 38
9 38
9 38
7 44
7 44
8 38
9 38
9 38
9 38
4 46
5 45
5 45
8 38
8 38
9 38
6 44
6 44
7 44
7 44
8 38
9 38
3 47
5 45
7 44
8 38
8 38
8 38
5 45
5 45
5 45
6 44
7 44
9 38
1 44
1 44
2 46
2 46
6 44
8 38
0 43
3 47
4 46
4 46
7 44
9 38
8 38
8 38
9 38
9 38
9 38
9 38
2 46
2 46
5 45
6 44
6 44
8 38
7 46
7 46
7 46
7 46
7 46
8 44
1 47
1 47
1 47
2 47
3 49
6 44
0 46
0 46
1 47
2 47
3 49
8 44
3 49
3 49
4 48
5 45
7 46
7 46
8 44
8 44
8 44
8 44
9 44
9 44
6 44
6 44
6 44
7 46
8 44
8 44
9 44
9 44
9 44
9 44
9 44
9 44
4 48
4 48
5 45
7 46
8 44
9 44
5 45
5 45
6 44
6 44
8 44
9 44
2 47
2 47
2 47
3 49
7 46
9 44
5 48
5 48
6 48
6 48
6 48
9 46
3 51
3 51
5 48
5 48
8 47
9 46
2 50
2 50
2 50
5 48
7 48
7 48
0 48
2 50
4 49
5 48
5 48
8 47
1 49
2 50
2 50
5 48
6 48
9 46
7 48
7 48
7 48
7 48
8 47
9 46
9 46
9 46
9 46
9 46
9 46
9 46
6 48
7 48
8 47
8 47
8 47
9 46
8 47
8 47
9 46
9 46
9 46
9 46
4 49
5 48
7 48
7 48
7 48
8 47
5 51
5 51
6 50
6 50
7 50
8 48
6 50
6 50
6 50
6 50
7 50
9 48
1 49
4 51
5 51
5 51
7 50
8 48
8 48
8 48
8 48
8 48
8 48
9 48
9 48
9 48
9 48
9 48
9 48
9 48
2 52
2 52
4 51
6 50
8 48
8 48
7 50
7 50
8 48
9 48
9 48
9 48
3 53
5 51
5 51
6 50
8 48
9 48
4 51
4 51
4 51
5 51
5 51
9 48
0 50
1 49
2 52
3 53
8 48
8 48
8 51
8 51
8 51
8 51
9 50
9 50
4 53
5 53
6 51
7 52
9 50
9 50
2 54
2 54
5 53
8 51
8 51
8 51
9 50
9 50
9 50
9 50
9 50
9 50
0 52
1 53
1 53
2 54
3 53
8 51
5 53
7 52
7 52
8 51
8 51
9 50
1 53
1 53
2 54
4 53
4 53
6 51
3 53
3 53
4 53
8 51
8 51
8 51
6 51
7 52
8 51
9 50
9 50
9 50
7 52
7 52
9 50
9 50
9 50
9 50
7 54
7 54
7 54
7 54
8 53
9 52
0 54
1 55
4 55
4 55
7 54
7 54
3 55
5 55
5 55
8 53
9 52
9 52
8 53
8 53
8 53
8 53
8 53
9 52
5 55
5 55
6 51
7 54
8 53
9 52
2 54
4 55
5 55
7 54
8 53
9 52
1 55
1 55
3 55
3 55
6 51
8 53
6 51
6 51
6 51
8 53
9 52
9 52
4 55
6 51
6 51
6 51
6 51
8 53
9 52
9 52
9 52
9 52
9 52
9 52
5 56
6 56
6 56
7 56
8 55
9 54
8 55
8 55
8 55
9 54
9 54
9 54
0 56
2 56
2 56
2 56
3 57
7 56
1 57
4 55
6 56
6 56
9 54
9 54
4 55
6 56
6 56
7 56
8 55
8 55
2 56
3 57
4 55
7 56
9 54
9 54
7 56
7 56
7 56
9 54
9 54
9 54
9 54
9 54
9 54
9 54
9 54
9 54
6 56
6 56
6 56
7 56
8 55
9 54
3 57
3 57
3 57
4 55
6 56
7 56
0 58
2 58
3 59
4 55
8 56
9 56
4 55
5 56
5 56
8 56
9 56
9 56
9 56
9 56
9 56
9 56
9 56
9 56
6 57
6 57
6 57
7 56
8 56
9 56
5 56
5 56
5 56
6 57
6 57
8 56
1 59
2 58
2 58
3 59
5 56
7 56
3 59
6 57
6 57
6 57
6 57
7 56
8 56
8 56
8 56
8 56
9 56
9 56
2 58
3 59
7 56
7 56
8 56
9 56
7 56
7 56
7 56
8 56
9 56
9 56
6 57
6 57
6 57
6 57
7 56
8 56
8 56
8 56
8 56
9 58
9 58
9 58
1 59
1 59
1 59
2 59
3 61
8 56
7 56
7 56
7 56
7 56
8 56
8 56
5 59
5 59
5 59
6 57
8 56
9 58
3 61
4 60
5 59
5 59
8 56
8 56
2 59
3 61
5 59
7 56
7 56
9 58
9 58
9 58
9 58
9 58
9 58
9 58
4 60
5 59
5 59
5 59
7 56
9 58
0 60
1 59
2 59
2 59
3 61
7 56
4 61
4 61
5 61
7 56
7 56
9 58
1 61
5 61
6 57
7 56
7 56
8 56
2 61
2 61
2 61
3 61
4 61
9 58
3 61
3 61
4 61
5 61
5 61
7 56
6 57
7 56
7 56
8 56
9 58
9 58
8 56
8 56
8 56
8 56
8 56
9 58
5 61
5 61
6 57
7 56
8 56
8 56
9 58
9 58
9 58
9 58
9 58
9 58
7 56
7 56
7 56
8 56
8 56
9 58
0 60
0 60
3 61
3 61
6 57
8 56
8 56
8 56
8 56
8 56
9 58
9 58
9 58
9 58
9 58
9 58
9 58
9 58
3 61
3 61
3 61
4 61
7 61
7 61
1 63
1 63
2 63
6 62
6 62
9 58
5 61
5 61
5 61
5 61
8 56
9 58
0 62
4 61
5 61
6 62
9 58
9 58
7 61
7 61
8 56
8 56
9 58
9 58
4 61
5 61
5 61
5 61
7 61
8 56
2 63
3 61
3 61
4 61
5 61
8 56
6 62
6 62
7 61
7 61
8 56
9 58
9 61
9 61
9 61
9 61
9 61
9 61
8 62
8 62
8 62
8 62
8 62
9 61
6 62
6 62
6 62
8 62
9 61
9 61
5 61
6 62
6 62
8 62
9 61
9 61
2 65
3 64
3 64
5 61
7 63
8 62
4 61
4 61
7 63
8 62
8 62
9 61
1 65
4 61
6 62
7 63
7 63
8 62
7 63
7 63
7 63
8 62
9 61
9 61
3 64
3 64
3 64
6 62
8 62
9 61
0 64
2 65
3 64
6 62
6 62
7 63
7 65
7 65
7 65
7 65
8 64
9 63
3 66
3 66
3 66
7 65
8 64
8 64
9 63
9 63
9 63
9 63
9 63
9 63
0 66
1 67
1 67
3 66
6 64
6 64
8 64
8 64
9 63
9 63
9 63
9 63
1 67
1 67
1 67
2 67
4 65
7 65
6 64
8 64
9 63
9 63
9 63
9 63
2 67
2 67
2 67
5 64
5 64
9 63
4 65
6 64
6 64
7 65
8 64
8 64
5 64
5 64
5 64
6 64
7 65
9 63
4 67
5 66
5 66
6 64
6 64
7 66
7 66
7 66
8 66
8 66
9 65
9 65
0 68
0 68
0 68
3 67
5 66
5 66
2 68
3 67
5 66
7 66
7 66
9 65
9 65
9 65
9 65
9 65
9 65
9 65
3 67
6 64
6 64
8 66
8 66
9 65
1 69
2 68
2 68
3 67
3 67
9 65
5 66
6 64
7 66
7 66
9 65
9 65
8 66
8 66
9 65
9 65
9 65
9 65
6 64
8 66
9 65
9 65
9 65
9 65
8 68
8 68
9 67
9 67
9 67
9 67
2 70
2 70
3 69
4 69
5 66
7 68
1 71
4 69
5 66
9 67
9 67
9 67
0 69
0 69
5 66
5 66
5 66
6 64
3 69
4 69
4 69
5 66
7 68
9 67
7 68
7 68
7 68
8 68
8 68
8 68
6 64
6 64
6 64
7 68
7 68
7 68
9 67
9 67
9 67
9 67
9 67
9 67
5 66
5 66
5 66
6 64
7 68
8 68
4 69
4 69
4 69
6 64
7 68
8 68
3 71
3 71
4 71
7 70
8 70
9 69
0 69
1 71
1 71
3 71
8 70
9 69
4 71
4 71
5 70
6 69
6 69
8 70
9 69
9 69
9 69
9 69
9 69
9 69
2 71
2 71
3 71
6 69
6 69
7 70
7 70
7 70
8 70
8 70
8 70
8 70
1 71
2 71
2 71
6 69
6 69
8 70
8 70
8 70
9 69
9 69
9 69
9 69
6 69
6 69
8 70
8 70
9 69
9 69
5 70
7 70
8 70
8 70
9 69
9 69
1 73
3 73
4 73
5 72
9 71
9 71
8 70
8 70
9 71
9 71
9 71
9 71
0 69
0 69
1 73
2 73
2 73
5 72
9 71
9 71
9 71
9 71
9 71
9 71
7 70
7 70
7 70
8 70
9 71
9 71
2 73
2 73
2 73
5 72
5 72
8 70
6 69
6 69
7 70
7 70
7 70
9 71
3 73
4 73
4 73
5 72
7 70
8 70
4 73
5 72
6 69
6 69
7 70
8 70
5 72
6 69
7 70
8 70
9 71
9 71
0 74
0 74
1 75
4 74
5 74
7 70
2 75
2 75
2 75
4 74
8 72
9 73
8 72
8 72
8 72
8 72
9 73
9 73
4 74
4 74
6 73
6 73
7 70
9 73
9 73
9 73
9 73
9 73
9 73
9 73
1 75
1 75
4 74
5 74
7 70
7 70
6 73
6 73
7 70
7 70
8 72
9 73
3 75
3 75
3 75
4 74
6 73
6 73
7 70
7 70
7 70
8 72
8 72
9 73
5 74
5 74
5 74
6 73
7 70
9 73
0 76
1 77
1 77
6 75
7 74
7 74
9 75
9 75
9 75
9 75
9 75
9 75
1 77
1 77
3 77
4 76
6 75
6 75
4 76
7 74
8 74
8 74
9 75
9 75
2 77
3 77
4 76
5 76
6 75
7 74
6 75
6 75
7 74
7 74
8 74
8 74
3 77
4 76
5 76
6 75
7 74
9 75
5 76
6 75
7 74
7 74
8 74
8 74
7 74
7 74
7 74
7 74
8 74
9 75
8 74
8 74
8 74
8 74
9 75
9 75
8 76
8 76
8 76
8 76
9 75
9 75
4 78
4 78
5 78
5 78
7 76
9 75
3 79
5 78
5 78
5 78
7 76
9 75
1 79
1 79
2 79
4 78
7 76
9 75
5 78
5 78
5 78
8 76
9 75
9 75
9 75
9 75
9 75
9 75
9 75
9 75
6 77
6 77
6 77
7 76
9 75
9 75
7 76
7 76
8 76
8 76
8 76
9 75
0 78
5 78
6 77
7 76
7 76
8 76
2 79
3 79
6 77
7 76
9 75
9 75
9 75
9 75
9 75
9 75
9 75
9 75
8 78
8 78
8 78
8 78
9 75
9 75
0 80
0 80
1 81
1 81
5 80
6 79
6 79
6 79
7 78
7 78
7 78
8 78
3 81
3 81
6 79
7 78
9 75
9 75
5 80
5 80
5 80
6 79
6 79
9 75
2 81
6 79
6 79
7 78
7 78
8 78
4 80
4 80
4 80
5 80
7 78
8 78
1 81
1 81
4 80
5 80
9 75
9 75
7 78
7 78
8 78
9 75
9 75
9 75
8 79
8 79
8 79
8 79
9 78
9 78
2 83
2 83
3 83
4 82
5 81
8 79
0 82
2 83
5 81
6 80
9 78
9 78
6 80
6 80
8 79
9 78
9 78
9 78
9 78
9 78
9 78
9 78
9 78
9 78
3 83
3 83
3 83
3 83
6 80
7 80
5 81
5 81
5 81
5 81
7 80
7 80
1 83
4 82
5 81
8 79
8 79
9 78
4 82
4 82
5 81
6 80
6 80
7 80
7 80
7 80
8 79
8 79
9 78
9 78
9 78
9 78
9 78
9 78
9 78
9 78
0 84
1 85
2 84
5 81
7 81
9 78
1 85
1 85
5 81
5 81
7 81
7 81
2 84
4 84
7 81
7 81
8 81
9 78
7 81
7 81
7 81
7 81
8 81
9 78
8 81
8 81
9 78
9 78
9 78
9 78
6 80
6 80
7 81
7 81
8 81
8 81
4 84
4 84
6 80
6 80
9 78
9 78
5 81
6 80
7 81
7 81
8 81
9 78
3 83
4 84
4 84
5 81
6 80
6 80
8 83
8 83
9 81
9 81
9 81
9 81
4 86
6 84
8 83
9 81
9 81
9 81
7 83
7 83
7 83
7 83
9 81
9 81
0 86
3 85
4 86
5 85
7 83
9 81
1 85
1 85
3 85
6 84
7 83
9 81
5 85
6 84
7 83
9 81
9 81
9 81
9 81
9 81
9 81
9 81
9 81
9 81
3 85
4 86
4 86
5 85
5 85
5 85
6 84
7 83
7 83
8 83
8 83
8 83
2 84
7 83
7 83
7 83
8 83
9 81
0 88
2 86
4 88
6 86
7 84
9 84
4 88
4 88
4 88
5 87
9 84
9 84
7 84
7 84
7 84
8 85
9 84
9 84
2 86
2 86
6 86
7 84
7 84
9 84
5 87
5 87
5 87
6 86
8 85
8 85
1 87
1 87
2 86
2 86
6 86
9 84
6 86
6 86
6 86
7 84
7 84
8 85
3 87
3 87
3 87
4 88
5 87
5 87
9 84
9 84
9 84
9 84
9 84
9 84
8 85
8 85
8 85
9 84
9 84
9 84
9 85
9 85
9 85
9 85
9 85
9 85
6 88
6 88
7 86
8 85
9 85
9 85
3 87
3 87
4 90
6 88
7 86
7 86
4 90
4 90
4 90
6 88
6 88
8 85
8 85
8 85
9 85
9 85
9 85
9 85
7 86
7 86
7 86
7 86
8 85
9 85
1 89
5 88
6 88
6 88
8 85
9 85
5 88
5 88
7 86
7 86
8 85
9 85
2 88
5 88
5 88
6 88
8 85
8 85
0 90
3 87
4 90
7 86
8 85
9 85
8 85
8 85
8 85
8 85
8 85
8 85
5 90
5 90
6 90
8 85
9 85
9 85
1 91
3 87
5 90
8 85
8 85
8 85
3 87
3 87
5 90
5 90
6 90
8 85
7 88
8 85
8 85
9 85
9 85
9 85
2 90
2 90
3 87
3 87
7 88
7 88
0 92
2 90
4 90
6 90
7 88
9 85
4 90
4 90
5 90
5 90
7 88
9 85
6 90
6 90
8 85
8 85
9 85
9 85
9 85
9 85
9 85
9 85
9 85
9 85
1 93
1 93
3 87
6 92
7 91
9 85
3 87
4 92
5 92
6 92
8 90
9 85
6 92
6 92
6 92
7 91
7 91
8 90
5 92
5 92
5 92
6 92
7 91
8 90
0 94
1 93
1 93
2 92
5 92
9 85
8 90
8 90
8 90
9 85
9 85
9 85
2 92
4 92
5 92
6 92
6 92
9 85
4 92
4 92
4 92
5 92
7 91
9 85
9 85
9 85
9 85
9 85
9 85
9 85
7 91
7 91
8 90
8 90
9 85
9 85
3 93
5 94
6 94
8 92
9 91
9 91
5 94
7 91
7 91
7 91
7 91
8 92
2 94
3 93
5 94
6 94
8 92
9 91
9 91
9 91
9 91
9 91
9 91
9 91
1 95
2 94
3 93
4 94
8 92
9 91
8 92
8 92
8 92
9 91
9 91
9 91
7 91
7 91
7 91
8 92
8 92
9 91
4 94
4 94
5 94
6 94
7 91
7 91
0 96
2 94
2 94
4 94
5 94
8 92
6 94
6 94
6 94
6 94
8 92
9 91
3 93
3 93
3 93
6 96
7 95
9 93
9 93
9 93
9 93
9 93
9 93
9 93
1 97
3 93
3 93
3 93
6 96
7 95
8 94
8 94
9 93
9 93
9 93
9 93
6 96
6 96
7 95
7 95
8 94
9 93
0 97
1 97
3 93
4 96
5 96
9 93
2 95
2 95
4 96
6 96
6 96
9 93
4 96
5 96
7 95
7 95
8 94
8 94
5 96
6 96
6 96
7 95
7 95
8 94
7 95
7 95
8 94
9 93
9 93
9 93
6 98
6 98
6 98
7 97
8 94
8 94
0 97
3 97
5 98
6 98
8 94
9 93
3 97
3 97
5 98
6 98
7 97
9 93
4 97
6 98
7 97
9 93
9 93
9 93
9 93
9 93
9 93
9 93
9 93
9 93
2 98
3 97
5 98
5 98
8 94
8 94
8 94
8 94
8 94
8 94
8 94
9 93
1 99
2 98
3 97
5 98
7 97
9 93
7 97
7 97
7 97
7 97
8 94
9 93
5 98
8 94
8 94
8 94
8 94
9 93
5 100
6 100
6 100
6 100
8 98
9 97
4 99
7 99
8 98
8 98
9 97
9 97
8 98
8 98
9 97
9 97
9 97
9 97
1 100
5 100
5 100
6 100
6 100
9 97
3 97
3 97
5 100
5 100
6 100
8 98
0 100
7 99
7 99
8 98
9 97
9 97
7 99
7 99
7 99
9 97
9 97
9 97
6 100
6 100
7 99
7 99
8 98
9 97
9 97
9 97
9 97
9 97
9 97
9 97
2 100
3 97
7 99
7 99
8 98
9 97
7 101
7 101
7 101
7 101
7 101
8 100
0 102
0 102
4 100
5 101
6 102
9 99
1 102
1 102
3 101
4 100
6 102
6 102
6 102
7 101
7 101
7 101
8 100
9 99
2 102
2 102
3 101
5 101
5 101
9 99
5 101
5 101
6 102
7 101
7 101
9 99
8 100
8 100
8 100
8 100
9 99
9 99
4 100
4 100
7 101
8 100
9 99
9 99
3 101
3 101
7 101
7 101
8 100
9 99
9 99
9 99
9 99
9 99
9 99
9 99
6 104
7 103
9 101
9 101
9 101
9 101
1 104
3 103
3 103
4 102
6 104
8 102
0 104
0 104
0 104
7 103
7 103
9 101
9 101
9 101
9 101
9 101
9 101
9 101
8 102
8 102
8 102
9 101
9 101
9 101
4 102
4 102
5 103
6 104
6 104
8 102
3 103
3 103
6 104
7 103
8 102
9 101
7 103
7 103
8 102
8 102
9 101
9 101
5 103
5 103
6 104
7 103
8 102
8 102
2 104
5 103
5 103
6 104
7 103
9 101
7 105
7 105
7 105
7 105
7 105
9 103
4 104
5 105
7 105
8 104
8 104
9 103
0 106
1 106
2 104
3 105
5 105
9 103
6 105
7 105
8 104
8 104
9 103
9 103
2 104
2 104
2 104
3 105
3 105
3 105
1 106
1 106
4 104
6 105
7 105
9 103
8 104
9 103
9 103
9 103
9 103
9 103
5 105
5 105
5 105
6 105
7 105
8 104
9 103
9 103
9 103
9 103
9 103
9 103
3 105
5 105
5 105
6 105
6 105
9 103
2 107
2 107
4 106
5 106
5 106
9 105
9 105
9 105
9 105
9 105
9 105
9 105
7 107
7 107
8 106
8 106
9 105
9 105
8 106
8 106
8 106
9 105
9 105
9 105
6 105
6 105
7 107
8 106
8 106
9 105
1 108
2 107
5 106
6 105
8 106
9 105
5 106
5 106
7 107
8 106
9 105
9 105
3 107
3 107
3 107
5 106
5 106
9 105
0 107
0 107
4 106
5 106
7 107
9 105
4 106
5 106
5 106
9 105
9 105
9 105
3 109
4 108
6 105
8 107
8 107
9 107
2 109
3 109
3 109
4 108
4 108
6 105
5 106
5 106
5 106
6 105
9 107
9 107
8 107
8 107
8 107
9 107
9 107
9 107
1 108
1 108
3 109
6 105
6 105
9 107
6 105
7 108
8 107
8 107
8 107
8 107
7 108
7 108
7 108
7 108
8 107
9 107
4 108
4 108
6 105
6 105
7 108
8 107
0 109
3 109
4 108
4 108
4 108
6 105
9 107
9 107
9 107
9 107
9 107
9 107
3 109
3 109
5 109
7 108
9 109
9 109
1 110
2 109
3 109
4 110
5 109
7 108
8 109
8 109
8 109
9 109
9 109
9 109
6 109
6 109
7 108
8 109
8 109
9 109
0 111
0 111
0 111
2 109
7 108
9 109
4 110
6 109
6 109
6 109
9 109
9 109
7 108
7 108
7 108
8 109
9 109
9 109
5 109
6 109
7 108
8 109
8 109
8 109
9 109
9 109
9 109
9 109
9 109
9 109
2 109
2 109
2 109
4 110
7 108
7 108
5 110
7 110
7 110
7 110
7 110
9 111
4 112
5 110
6 110
7 110
8 111
9 111
0 113
2 109
5 110
6 110
8 111
8 111
7 110
7 110
8 111
9 111
9 111
9 111
6 110
6 110
7 110
7 110
8 111
9 111
2 109
3 111
7 110
9 111
9 111
9 111
9 111
9 111
9 111
9 111
9 111
9 111
3 111
3 111
7 110
7 110
9 111
9 111
1 110
1 110
5 110
6 110
6 110
7 110
8 111
8 111
9 111
9 111
9 111
9 111
0 115
0 115
4 114
5 113
9 113
9 113
1 114
1 114
3 113
6 112
6 112
9 113
4 114
5 113
5 113
6 112
6 112
7 112
2 113
3 113
4 114
4 114
5 113
9 113
8 113
8 113
8 113
8 113
9 113
9 113
7 112
7 112
7 112
8 113
8 113
9 113
5 113
5 113
7 112
7 112
7 112
9 113
6 112
6 112
6 112
6 112
7 112
8 113
9 113
9 113
9 113
9 113
9 113
9 113
3 113
4 114
5 113
6 112
7 112
9 113
1 114
2 115
3 113
5 115
8 115
9 114
5 115
5 115
6 114
7 114
8 115
8 115
9 114
9 114
9 114
9 114
9 114
9 114
6 114
6 114
6 114
7 114
8 115
9 114
0 117
0 117
1 114
2 115
5 115
8 115
7 114
7 114
7 114
7 114
7 114
8 115
3 113
5 115
5 115
7 114
8 115
8 115
2 115
2 115
4 116
4 116
8 115
9 114
4 116
4 116
5 115
7 114
7 114
8 115
8 115
8 115
8 115
8 115
9 114
9 114
1 118
1 118
3 117
5 117
6 116
7 116
6 116
6 116
7 116
9 116
9 116
9 116
7 116
7 116
7 116
8 117
9 116
9 116
5 117
5 117
7 116
8 117
8 117
9 116
9 116
9 116
9 116
9 116
9 116
9 116
8 117
8 117
8 117
9 116
9 116
9 116
3 117
4 118
5 117
7 116
9 116
9 116
2 117
2 117
5 117
8 117
8 117
9 116
4 118
4 118
8 117
8 117
8 117
9 116
0 118
0 118
1 118
5 117
6 116
6 116
5 119
6 118
7 118
7 118
8 119
9 118
0 118
0 118
1 118
2 119
6 118
8 119
9 118
9 118
9 118
9 118
9 118
9 118
2 119
2 119
5 119
6 118
8 119
9 118
6 118
6 118
8 119
8 119
8 119
9 118
4 118
4 118
6 118
7 118
8 119
9 118
7 118
7 118
8 119
8 119
9 118
9 118
8 119
8 119
9 118
9 118
9 118
9 118
1 118
1 118
1 118
3 119
6 118
9 118
3 119
4 118
6 118
7 118
8 119
9 118
5 121
5 121
5 121
8 121
8 121
9 120
9 120
9 120
9 120
9 120
9 120
9 120
7 120
7 120
8 121
8 121
8 121
8 121
3 121
3 121
3 121
3 121
6 120
7 120
2 121
5 121
6 120
7 120
8 121
8 121
8 121
8 121
8 121
8 121
9 120
9 120
4 120
4 120
6 120
6 120
7 120
9 120
0 118
0 118
1 120
3 121
5 121
6 120
6 120
6 120
7 120
7 120
8 121
8 121
1 120
1 120
1 120
3 121
9 120
9 120
8 121
8 121
9 120
9 120
9 120
9 120
9 120
9 120
9 120
9 120
9 120
9 120
4 122
4 122
5 122
6 121
6 121
7 122
7 122
7 122
8 121
9 120
9 120
9 120
1 122
2 123
5 122
5 122
6 121
9 120
5 122
5 122
6 121
7 122
7 122
8 121
0 121
0 121
5 122
6 121
8 121
9 120
2 123
3 123
4 122
5 122
6 121
7 122
6 121
7 122
7 122
7 122
7 122
9 120
3 123
3 123
5 122
6 121
8 121
9 120
1 122
3 125
4 124
5 122
8 123
8 123
7 123
7 123
7 123
8 123
8 123
9 120
5 122
5 122
5 122
6 123
6 123
9 120
9 120
9 120
9 120
9 120
9 120
9 120
6 123
6 123
6 123
6 123
8 123
9 120
2 125
2 125
2 125
4 124
5 122
8 123
0 121
1 122
2 125
3 125
5 122
9 120
3 125
4 124
7 123
9 120
9 120
9 120
4 124
6 123
7 123
8 123
8 123
8 123
8 123
8 123
8 123
8 123
9 120
9 120
9 124
9 124
9 124
9 124
9 124
9 124
1 125
3 127
3 127
4 126
7 125
9 124
5 125
5 125
5 125
6 124
8 125
8 125
7 125
7 125
7 125
7 125
7 125
9 124
6 124
6 124
6 124
7 125
7 125
9 124
3 127
4 126
4 126
5 125
5 125
7 125
2 127
2 127
3 127
3 127
6 124
9 124
4 126
5 125
6 124
6 124
7 125
8 125
0 121
3 127
5 125
6 124
8 125
9 124
8 125
8 125
8 125
8 125
9 124
9 124
8 0
8 0
8 0
8 0
9 0
9 0
3 0
3 0
9 0
0 0
0 0
0 0
8 0
9 0
9 0
9 0
9 0
9 0
9 0
9 0
8 0
8 0
8 0
9 0
9 0
9 0
3 0
3 0
3 0
9 0
9 0
9 0
9 0
9 0
9 0
9 0
0 0
9 0
9 0
9 0
9 0
9 0
9 0
8 0
8 0
9 0
9 0
9 0
9 0
3 0
8 0
9 0
0 0
0 0
9 0
9 0
9 0
9 0
9 0
9 0
9 0
8 0
8 0
9 0
9 0
9 0
9 0
3 0
0 0
3 0
0 0
3 1
9 0
9 0
9 0
9 0
9 0
9 0
3 1
3 1
9 0
8 0
8 0
8 0
8 0
8 0
8 0
8 0
8 0
9 0
9 0
9 0
9 0
9 0
9 0
9 0
9 0
9 0
9 0
3 1
3 1
0 0
3 1
8 0
0 0
0 0
3 1
9 0
3 1
3 1
8 0
9 0
9 0
9 0
9 0
9 0
9 0
9 0
9 0
9 0
9 0
9 0
3 1
8 0
8 0
9 0
9 0
9 0
9 0
9 0
9 0
8 0
8 0
8 0
8 0
9 0
9 0
0 0
0 0
3 1
3 1
8 0
8 0
8 0
8 0
8 0
8 0
9 0
9 0
9 0
9 0
9 0
9 0
2 1
8 0
8 0
3 1
3 1
9 0
9 0
0 0
0 0
3 1
3 1
9 0
2 1
9 0
9 0
8 0
8 0
8 0
8 0
8 0
9 0
9 0
9 0
9 0
9 0
9 0
9 0
0 0
9 0
9 0
9 0
8 0
8 0
8 0
8 0
9 0
9 0
2 1
8 0
9 0
9 0
3 1
9 0
9 0
9 0
9 0
9 0
9 0
0 0
2 1
2 1
8 0
9 0
9 0
9 0
9 0
9 0
9 0
2 1
3 1
9 0
1 1
3 1
3 1
0 0
0 0
1 1
1 1
8 0
8 0
8 0
8 0
9 0
9 0
9 0
3 1
9 0
1 1
2 2
2 2
3 1
9 0
2 2
3 1
9 0
9 0
8 0
8 0
8 0
8 0
9 0
9 0
0 0
0 0
3 1
8 0
9 0
3 1
9 0
9 0
9 0
9 0
9 0
9 0
1 1
1 1
3 1
9 0
3 1
8 0
0 0
3 1
9 0
2 2
3 1
9 0
9 0
9 0
9 0
9 0
9 0
8 0
8 0
8 0
8 0
9 0
9 0
1 1
2 2
8 2
8 2
8 2
9 2
9 2
9 2
9 2
2 2
3 1
7 1
8 2
7 1
7 1
7 1
8 2
8 2
9 2
3 1
7 1
7 1
9 2
0 0
2 2
3 1
8 2
9 2
9 2
9 2
9 2
9 2
9 2
9 2
8 2
9 2
9 2
9 2
9 2
9 2
7 1
7 1
8 2
8 2
8 2
9 2
9 2
9 2
9 2
9 2
9 2
9 2
0 0
1 1
3 1
8 2
8 2
9 2
2 2
2 2
9 2
3 1
9 2
9 2
1 1
2 2
7 1
8 2
8 2
8 2
8 2
8 2
8 2
8 2
9 2
2 2
7 1
7 1
9 2
9 2
3 1
3 1
7 1
8 2
9 2
1 1
2 2
2 2
9 2
9 2
0 0
0 0
0 0
1 1
3 1
9 2
9 2
9 2
9 2
9 2
9 2
9 2
7 1
7 1
7 1
8 2
9 2
9 2
1 1
3 1
7 1
7 1
7 1
0 0
7 1
8 2
9 2
9 2
7 1
7 1
7 1
7 1
8 2
8 2
2 2
3 1
8 2
9 2
9 2
3 1
7 1
9 2
9 2
9 2
9 2
9 2
9 2
8 2
8 2
8 2
8 2
9 2
9 2
7 1
7 1
7 1
8 2
9 2
9 2
1 1
2 2
3 1
3 1
8 2
3 1
3 1
7 1
9 2
9 2
2 2
2 2
3 1
3 1
7 1
0 0
7 1
9 2
9 2
8 2
8 2
8 2
8 2
9 2
9 2
9 2
9 2
9 2
9 2
9 2
9 2
7 1
8 2
9 2
9 2
9 2
9 2
9 2
9 2
9 2
9 2
9 2
9 2
2 2
7 1
9 2
8 2
8 2
8 2
8 2
8 2
9 2
0 0
0 0
0 0
1 1
9 2
9 2
1 1
2 2
9 2
9 2
3 1
7 1
9 2
3 2
6 2
8 3
1 1
8 3
8 3
0 0
3 2
6 2
8 3
9 2
7 2
7 2
7 2
7 2
8 3
9 2
2 2
3 2
8 3
9 2
8 3
8 3
9 2
9 2
9 2
9 2
6 2
6 2
7 2
8 3
8 3
9 2
9 2
9 2
9 2
9 2
9 2
9 2
0 0
1 1
1 1
3 2
9 2
3 2
3 2
7 2
7 2
7 2
1 1
1 1
2 2
2 2
3 2
8 4
6 2
7 2
7 2
8 4
8 4
8 4
8 4
8 4
9 2
9 2
9 2
9 2
2 2
2 2
3 2
6 2
6 2
9 2
9 2
9 2
9 2
9 2
9 2
7 2
8 4
8 4
9 2
9 2
9 2
1 1
2 2
3 2
6 2
6 2
6 2
6 2
6 2
6 2
6 2
6 2
7 2
0 0
2 2
3 2
6 2
7 2
9 2
9 2
9 2
9 2
9 2
9 2
3 2
6 2
8 5
8 5
8 5
8 5
9 2
9 2
9 2
9 2
7 2
8 5
8 5
8 5
9 2
9 2
2 2
3 2
6 2
7 2
9 4
9 4
9 4
9 4
9 4
9 4
2 2
6 2
8 5
8 5
9 4
8 5
8 5
8 5
8 5
9 4
9 4
6 2
6 2
6 2
6 2
8 5
8 5
7 2
7 2
7 2
7 2
9 4
9 4
3 2
6 2
9 4
9 4
1 1
6 2
8 5
0 0
1 1
2 2
7 2
1 1
2 2
2 2
7 2
7 2
9 4
8 5
8 5
8 5
8 5
8 5
9 4
0 0
0 0
2 2
8 5
6 2
6 2
7 2
7 2
7 2
7 2
9 4
9 4
9 4
9 4
9 4
9 4
3 2
6 2
8 5
9 4
7 2
7 2
8 5
9 4
9 4
9 4
2 2
2 2
6 2
9 4
3 2
6 2
7 2
9 4
9 4
9 4
9 4
9 4
9 4
9 4
9 4
0 0
2 2
2 2
3 2
4 2
4 2
6 2
8 5
8 5
8 5
7 2
8 5
8 5
9 4
9 4
9 4
1 1
1 1
4 2
7 2
8 5
8 5
8 5
9 4
9 4
9 4
6 2
6 2
7 2
7 2
7 2
9 4
2 2
3 2
6 2
7 2
9 4
9 4
6 2
6 2
6 2
7 6
7 6
8 5
5 2
5 2
6 2
8 5
9 4
9 4
3 2
3 2
4 2
4 2
6 2
7 6
2 2
2 2
3 2
4 2
6 2
7 6
4 2
5 2
6 2
7 6
8 5
8 5
1 1
3 2
3 2
7 6
8 5
8 5
7 6
7 6
7 6
8 5
9 4
9 4
8 5
8 5
8 5
9 4
9 4
9 4
0 0
0 0
1 1
2 2
4 2
9 4
9 4
9 4
9 4
9 4
9 4
9 4
1 2
3 2
5 2
6 2
9 4
9 4
6 2
6 2
7 6
8 5
9 4
9 4
3 2
3 2
3 2
4 3
9 4
9 4
2 2
4 3
4 3
5 2
6 2
9 4
8 5
8 5
8 5
8 5
9 4
9 4
7 6
7 6
7 6
7 6
9 4
9 4
4 3
4 3
4 3
5 2
7 6
8 5
5 2
6 2
6 2
8 5
8 5
8 5
0 0
3 2
3 2
4 3
9 4
9 4
9 4
9 4
9 4
9 4
9 4
9 4
0 0
4 3
5 2
5 2
5 2
5 2
7 6
7 6
8 5
8 5
8 5
9 4
2 2
2 2
3 2
6 2
7 6
7 6
5 2
6 2
6 2
7 6
7 6
9 4
6 2
6 2
6 2
7 6
8 5
9 4
1 2
1 2
3 2
5 2
7 6
7 6
9 4
9 4
9 4
9 4
9 4
9 4
4 3
4 3
4 3
4 3
7 6
9 4
3 2
6 2
6 2
6 2
6 2
9 4
8 5
8 5
8 5
8 5
9 4
9 4
2 2
2 2
3 2
3 2
6 2
6 2
8 5
8 5
8 5
8 5
9 4
9 4
5 2
6 2
6 2
7 6
9 4
9 4
3 2
3 2
4 3
5 2
8 5
8 5
7 6
7 6
7 6
8 5
9 4
9 4
0 0
0 0
1 2
3 2
6 2
9 4
6 2
7 6
7 6
7 6
7 6
8 5
4 3
4 3
5 2
5 2
5 2
6 2
9 4
9 4
9 4
9 4
9 4
9 4
1 2
2 2
3 2
5 2
7 6
9 4
8 5
8 5
8 5
8 5
8 5
9 4
2 2
4 3
6 2
7 6
7 6
9 4
3 2
3 2
5 2
8 5
9 4
9 4
1 2
3 2
6 2
7 6
7 6
8 5
0 0
1 2
2 2
6 2
7 6
9 4
9 4
9 4
9 4
9 4
9 4
9 4
4 3
4 3
6 2
7 6
8 5
9 4
5 2
5 2
6 2
7 6
7 6
8 5
6 2
6 2
9 4
9 4
9 4
9 4
7 6
7 6
8 5
8 5
9 4
9 4
4 3
5 2
5 2
5 2
9 4
9 4
1 2
3 2
6 3
6 3
6 3
7 6
9 4
9 4
9 4
9 4
9 4
9 4
3 2
4 3
5 2
8 5
8 5
9 4
7 6
7 6
7 6
8 5
8 5
9 4
8 5
8 5
8 5
9 4
9 4
9 4
6 3
7 6
7 6
7 6
7 6
8 5
5 2
6 3
7 6
7 6
8 5
9 4
0 0
0 0
1 2
3 2
5 2
7 6
2 2
3 2
3 2
5 2
7 6
9 4
2 3
4 3
4 3
4 3
5 2
8 5
0 0
1 2
1 2
2 3
8 5
8 5
6 3
7 6
9 4
9 4
9 4
9 4
9 4
9 4
9 4
9 4
9 4
9 4
3 3
3 3
3 3
5 2
6 3
7 6
5 2
5 2
6 3
7 6
9 4
9 4
7 6
8 5
8 5
9 4
9 4
9 4
8 5
8 5
8 5
9 4
9 4
9 4
4 3
6 3
7 6
8 5
8 5
9 4
1 2
1 2
3 3
5 2
7 6
8 5
7 6
7 6
8 5
9 4
9 4
9 4
8 5
8 5
8 5
8 5
9 4
9 4
0 0
3 3
4 4
5 4
6 4
7 6
6 4
6 4
7 6
8 5
8 5
8 5
4 4
4 4
5 4
5 4
8 5
8 5
3 3
3 3
3 3
3 3
6 4
9 4
9 4
9 4
9 4
9 4
9 4
9 4
1 2
3 3
4 4
4 4
6 4
8 5
2 3
2 3
3 3
4 4
6 4
7 6
5 4
5 4
6 4
9 4
9 4
9 4
6 4
6 4
6 4
7 6
8 5
8 5
7 6
7 6
7 6
8 5
9 4
9 4
8 5
8 5
8 5
8 5
8 5
9 4
4 4
4 4
8 5
8 5
8 5
8 5
2 4
2 4
6 4
8 5
9 4
9 4
3 3
3 3
3 3
5 4
6 4
7 6
9 4
9 4
9 4
9 4
9 4
9 4
0 0
3 3
4 4
5 4
6 4
8 5
5 4
5 4
5 4
5 4
6 4
8 5
1 2
2 4
2 4
2 4
6 4
8 5
5 4
6 4
7 6
7 6
7 6
8 5
8 5
8 5
8 5
9 4
9 4
9 4
9 4
9 4
9 4
9 4
9 4
9 4
6 4
6 4
6 4
6 4
7 6
8 5
3 4
4 4
4 4
5 4
6 4
8 5
7 6
7 6
8 5
8 5
8 5
9 4
0 0
4 4
4 4
6 4
6 4
9 4
2 4
2 4
4 4
5 4
9 4
9 4
4 4
6 4
7 6
8 5
9 4
9 4
1 4
1 4
2 4
3 4
8 5
9 4
5 6
6 4
6 4
7 6
8 5
9 4
4 6
4 6
5 6
5 6
5 6
7 6
9 4
9 4
9 4
9 4
9 4
9 4
0 0
1 4
2 5
3 6
3 6
7 6
6 4
6 4
6 4
7 6
7 6
8 5
8 5
8 5
8 5
8 5
9 4
9 4
1 4
1 4
3 6
4 6
7 6
8 5
2 5
2 5
3 6
4 6
7 6
9 4
3 6
6 4
6 4
8 5
8 5
9 4
7 6
7 6
8 5
8 5
9 4
9 4
9 4
9 4
9 4
9 4
9 4
9 4
7 6
7 6
7 6
8 5
9 4
9 4
0 0
0 0
3 8
8 5
8 5
9 4
3 8
3 8
3 8
3 8
8 5
8 5
2 7
3 8
3 8
7 6
9 4
9 4
5 8
5 8
6 4
8 5
9 4
9 4
1 6
2 7
3 8
5 8
5 8
9 4
6 4
6 4
6 4
8 5
9 4
9 4
4 7
4 7
4 7
4 7
5 8
9 4
8 5
8 5
9 4
9 4
9 4
9 4
4 9
4 9
5 10
5 10
8 5
9 4
6 9
6 9
6 9
8 5
9 4
9 4
3 8
3 8
3 8
5 10
9 4
9 4
1 6
2 7
3 8
3 8
6 9
8 5
5 10
6 9
7 6
8 5
8 5
9 4
2 7
3 8
3 8
3 8
7 6
9 4
7 6
8 5
8 5
8 5
9 4
9 4
0 0
4 9
7 6
7 6
8 5
9 4
8 5
8 5
8 5
8 5
9 4
9 4
9 4
9 4
9 4
9 4
9 4
9 4
6 11
6 11
6 11
7 10
8 5
8 5
3 8
3 8
3 8
4 11
4 11
6 11
2 7
2 7
4 11
5 12
7 10
9 4
5 12
5 12
6 11
7 10
8 5
8 5
1 6
1 6
2 7
6 11
9 4
9 4
9 4
9 4
9 4
9 4
9 4
9 4
0 0
1 6
3 8
4 11
7 10
8 5
7 10
8 5
9 4
9 4
9 4
9 4
8 5
8 5
8 5
9 4
9 4
9 4
4 11
5 12
7 10
8 5
8 5
8 5
6 13
6 13
8 11
8 11
8 11
9 4
7 12
7 12
7 12
8 11
9 4
9 4
2 7
3 12
3 12
4 11
7 12
9 4
9 4
9 4
9 4
9 4
9 4
9 4
8 11
8 11
8 11
9 4
9 4
9 4
0 0
0 0
1 6
6 13
7 12
9 4
3 12
3 12
3 12
4 11
5 14
7 12
1 6
2 7
2 7
2 7
6 13
8 11
5 14
5 14
8 11
9 4
9 4
9 4
4 11
4 11
6 13
7 12
7 12
9 4
7 14
7 14
8 12
8 12
9 12
9 12
3 14
3 14
3 14
4 15
7 14
9 12
9 12
9 12
9 12
9 12
9 12
9 12
8 12
8 12
8 12
8 12
8 12
9 12
1 6
2 11
5 15
6 15
8 12
9 12
5 15
5 15
6 15
8 12
9 12
9 12
4 15
4 15
5 15
7 14
8 12
9 12
2 11
4 15
7 14
9 12
9 12
9 12
6 15
6 15
7 14
7 14
7 14
9 12
0 0
3 14
4 15
5 15
6 15
7 14
3 15
3 15
4 17
5 17
5 17
8 12
1 14
5 17
6 16
8 12
9 14
9 14
2 15
3 15
4 17
6 16
8 12
9 14
6 16
6 16
7 16
8 12
9 14
9 14
4 17
4 17
4 17
4 17
4 17
7 16
8 12
8 12
8 12
8 12
9 14
9 14
5 17
5 17
6 16
7 16
7 16
9 14
9 14
9 14
9 14
9 14
9 14
9 14
7 16
7 16
7 16
8 12
9 14
9 14
0 0
0 0
3 15
5 17
6 16
7 16
7 18
7 18
8 17
8 17
9 14
9 14
2 17
4 19
4 19
7 18
8 17
9 14
6 18
6 18
8 17
8 17
9 14
9 14
0 0
0 0
5 19
6 18
8 17
9 14
1 15
4 19
4 19
6 18
7 18
7 18
3 18
3 18
3 18
3 18
7 18
9 14
5 19
6 18
7 18
8 17
8 17
9 14
8 17
8 17
8 17
8 17
8 17
8 17
9 14
9 14
9 14
9 14
9 14
9 14
4 19
4 19
6 18
7 18
8 17
9 14
4 21
4 21
7 19
7 19
7 19
9 17
6 20
6 20
6 20
6 20
9 17
9 17
3 20
4 21
4 21
7 19
7 19
8 18
8 18
8 18
8 18
8 18
9 17
9 17
5 21
5 21
5 21
6 20
8 18
9 17
9 17
9 17
9 17
9 17
9 17
9 17
7 19
7 19
7 19
8 18
8 18
9 17
0 0
0 0
1 18
2 19
2 19
9 17
2 19
5 21
9 17
9 17
9 17
9 17
1 18
1 18
2 19
3 20
4 21
8 18
0 0
2 21
3 21
3 21
4 23
6 22
4 23
5 23
6 22
7 21
8 18
8 18
8 18
8 18
8 18
9 17
9 17
9 17
2 21
3 21
4 23
7 21
7 21
9 17
5 23
5 23
5 23
5 23
7 21
8 18
7 21
7 21
7 21
7 21
8 18
8 18
1 18
1 18
1 18
3 21
4 23
5 23
6 22
7 21
8 18
8 18
9 17
9 17
3 21
3 21
4 23
5 23
8 18
8 18
9 17
9 17
9 17
9 17
9 17
9 17
3 24
4 25
7 21
8 18
9 17
9 17
5 25
5 25
6 24
8 18
8 18
8 18
1 22
1 22
1 22
3 24
4 25
6 24
4 25
5 25
8 18
8 18
8 18
9 17
8 18
8 18
8 18
9 17
9 17
9 17
0 21
2 23
3 24
4 25
6 24
9 17
7 21
7 21
7 21
9 17
9 17
9 17
6 24
6 24
7 21
9 17
9 17
9 17
9 17
9 17
9 17
9 17
9 17
9 17
2 23
2 23
4 25
4 25
6 24
9 17
6 26
6 26
8 24
8 24
9 17
9 17
7 25
8 24
8 24
8 24
9 17
9 17
2 25
2 25
4 27
5 27
6 26
8 24
1 24
1 24
4 27
6 26
8 24
9 17
5 27
5 27
6 26
6 26
6 26
9 17
4 27
4 27
4 27
4 27
5 27
9 17
9 17
9 17
9 17
9 17
9 17
9 17
8 24
8 24
8 24
9 17
9 17
9 17
3 26
3 26
7 25
7 25
8 24
9 17
0 23
4 27
4 27
7 25
7 25
7 25
4 29
4 29
4 29
6 28
8 26
8 26
0 24
1 26
3 28
6 28
7 27
8 26
6 28
6 28
6 28
6 28
8 26
8 26
8 26
8 26
8 26
8 26
8 26
9 24
7 27
7 27
7 27
8 26
9 24
9 24
2 27
2 27
2 27
6 28
6 28
9 24
3 28
3 28
4 29
7 27
9 24
9 24
9 24
9 24
9 24
9 24
9 24
9 24
5 29
5 29
6 28
8 26
8 26
9 24
1 26
1 26
5 29
5 29
6 28
9 24
4 31
4 31
6 30
6 30
7 29
9 27
1 28
2 28
3 30
6 30
7 29
8 28
9 27
9 27
9 27
9 27
9 27
9 27
8 28
8 28
8 28
9 27
9 27
9 27
0 27
0 27
0 27
2 28
3 30
9 27
6 30
7 29
7 29
7 29
7 29
9 27
2 28
2 28
3 30
4 31
5 31
6 30
5 31
6 30
7 29
8 28
9 27
9 27
7 29
7 29
8 28
8 28
8 28
8 28
3 30
6 30
6 30
6 30
8 28
9 27
3 32
4 33
4 33
5 33
9 29
9 29
5 33
5 33
5 33
5 33
6 31
7 30
1 30
1 30
2 31
7 30
7 30
7 30
6 31
6 31
7 30
8 30
8 30
9 29
4 33
4 33
4 33
6 31
7 30
9 29
8 30
8 30
8 30
8 30
8 30
9 29
9 29
9 29
9 29
9 29
9 29
9 29
7 30
7 30
7 30
8 30
9 29
9 29
0 29
0 29
2 31
7 30
8 30
9 29
2 31
2 31
7 30
8 30
8 30
9 29
3 34
4 35
4 35
5 35
6 34
9 30
9 30
9 30
9 30
9 30
9 30
9 30
7 33
7 33
7 33
7 33
8 32
9 30
6 34
6 34
7 33
7 33
8 32
9 30
0 31
1 32
3 34
6 34
7 33
9 30
8 32
8 32
8 32
8 32
9 30
9 30
1 32
2 33
2 33
3 34
4 35
7 33
5 35
5 35
5 35
5 35
8 32
9 30
4 35
4 35
4 35
6 34
7 33
8 32
2 33
3 34
3 34
4 35
7 33
7 33
4 37
4 37
4 37
5 36
5 36
8 32
2 33
2 33
3 36
6 35
8 32
8 32
9 33
9 33
9 33
9 33
9 33
9 33
7 35
8 32
8 32
9 33
9 33
9 33
1 34
1 34
2 33
2 33
7 35
9 33
5 36
5 36
7 35
8 32
8 32
9 33
3 36
4 37
7 35
7 35
9 33
9 33
8 32
8 32
8 32
8 32
9 33
9 33
0 33
2 33
3 36
4 37
4 37
7 35
6 35
7 35
7 35
7 35
8 32
9 33
5 38
5 38
7 37
7 37
7 37
9 35
7 37
7 37
7 37
7 37
8 36
9 35
8 36
8 36
9 35
9 35
9 35
9 35
6 37
6 37
7 37
8 36
9 35
9 35
3 38
5 38
6 37
8 36
8 36
9 35
4 39
6 37
6 37
7 37
8 36
9 35
9 35
9 35
9 35
9 35
9 35
9 35
1 36
4 39
5 38
7 37
8 36
9 35
0 34
2 37
2 37
3 38
5 38
8 36
2 37
3 38
3 38
4 39
6 37
9 35
7 39
7 39
7 39
7 39
7 39
7 39
5 40
5 40
6 39
7 39
8 38
9 35
8 38
8 38
9 35
9 35
9 35
9 35
1 38
1 38
2 39
4 41
6 39
6 39
6 39
6 39
6 39
7 39
9 35
9 35
0 37
1 38
3 40
6 39
7 39
8 38
4 41
4 41
7 39
8 38
9 35
9 35
2 39
5 40
5 40
6 39
8 38
8 38
3 40
5 40
6 39
6 39
8 38
9 35
9 35
9 35
9 35
9 35
9 35
9 35
4 42
4 42
4 42
4 42
5 42
7 41
9 38
9 38
9 38
9 38
9 38
9 38
8 40
8 40
8 40
8 40
9 38
9 38
6 40
6 40
8 40
8 40
8 40
9 38
7 41
8 40
8 40
8 40
9 38
9 38
2 41
2 41
5 42
5 42
6 40
7 41
5 42
6 40
7 41
9 38
9 38
9 38
0 39
1 40
3 41
4 42
5 42
6 40
1 40
3 41
5 42
5 42
5 42
6 40
3 41
3 41
4 42
4 42
4 42
7 41
0 39
1 42
3 43
5 44
6 40
8 42
9 41
9 41
9 41
9 41
9 41
9 41
1 42
1 42
6 40
7 43
7 43
9 41
8 42
8 42
8 42
8 42
9 41
9 41
3 43
4 44
4 44
4 44
5 44
9 41
6 40
7 43
7 43
8 42
8 42
9 41
5 44
5 44
6 40
6 40
8 42
9 41
4 44
4 44
6 40
7 43
8 42
9 41
7 43
7 43
7 43
8 42
9 41
9 41
2 43
4 44
7 43
7 43
8 42
9 41
2 44
3 43
4 46
4 46
5 46
7 44
8 43
8 43
8 43
8 43
9 43
9 43
9 43
9 43
9 43
9 43
9 43
9 43
1 44
1 44
3 43
4 46
7 44
8 43
7 44
7 44
7 44
7 44
8 43
9 43
6 44
7 44
7 44
8 43
8 43
9 43
4 46
4 46
6 44
7 44
7 44
8 43
5 46
5 46
5 46
7 44
8 43
9 43
3 43
5 46
8 43
8 43
8 43
9 43
0 43
2 44
2 44
3 43
3 43
6 44
1 46
1 46
6 47
7 46
8 43
8 43
7 46
7 46
8 43
8 43
8 43
9 45
9 45
9 45
9 45
9 45
9 45
9 45
0 44
1 46
1 46
7 46
7 46
8 43
3 43
5 48
7 46
7 46
8 43
9 45
8 43
9 45
9 45
9 45
9 45
9 45
4 48
4 48
4 48
5 48
7 46
7 46
5 48
5 48
5 48
6 47
6 47
6 47
6 47
6 47
7 46
9 45
9 45
9 45
2 46
2 46
2 46
4 48
9 45
9 45
4 50
4 50
4 50
8 47
9 47
9 47
0 47
2 47
4 50
4 50
6 49
9 47
3 49
3 49
4 50
5 50
7 48
8 47
1 47
1 47
2 47
2 47
5 50
5 50
7 48
7 48
8 47
9 47
9 47
9 47
8 47
8 47
8 47
8 47
8 47
9 47
2 47
2 47
5 50
6 49
7 48
7 48
5 50
5 50
7 48
9 47
9 47
9 47
9 47
9 47
9 47
9 47
9 47
9 47
6 49
6 49
6 49
7 48
7 48
9 47
1 49
1 49
2 50
5 52
5 52
6 51
2 50
4 52
5 52
8 49
8 49
8 49
7 50
7 50
8 49
8 49
8 49
9 49
5 52
5 52
5 52
5 52
7 50
8 49
3 49
3 49
3 49
4 52
5 52
8 49
0 49
0 49
2 50
2 50
4 52
7 50
4 52
4 52
5 52
6 51
8 49
8 49
8 49
8 49
8 49
8 49
8 49
9 49
6 51
6 51
8 49
9 49
9 49
9 49
9 49
9 49
9 49
9 49
9 49
9 49
0 49
1 51
1 51
3 51
4 54
8 51
2 52
2 52
3 51
5 54
5 54
8 51
5 54
5 54
5 54
6 53
8 51
9 51
8 51
8 51
8 51
8 51
8 51
9 51
6 53
6 53
7 52
7 52
7 52
8 51
3 51
3 51
6 53
8 51
9 51
9 51
9 51
9 51
9 51
9 51
9 51
9 51
1 51
4 54
6 53
6 53
7 52
8 51
7 52
8 51
8 51
9 51
9 51
9 51
4 54
6 53
7 52
7 52
8 51
9 51
4 55
4 55
5 55
5 55
6 55
8 53
3 55
3 55
4 55
5 55
8 53
9 53
8 53
8 53
8 53
9 53
9 53
9 53
2 54
2 54
4 55
5 55
7 54
7 54
6 55
6 55
6 55
7 54
8 53
8 53
0 52
1 52
2 54
3 55
7 54
9 53
1 52
2 54
7 54
8 53
8 53
9 53
9 53
9 53
9 53
9 53
9 53
9 53
5 55
6 55
7 54
8 53
9 53
9 53
7 54
7 54
7 54
7 54
8 53
9 53
1 52
4 57
6 57
6 57
7 56
9 54
7 56
7 56
8 54
8 54
9 54
9 54
6 57
6 57
6 57
7 56
7 56
8 54
9 54
9 54
9 54
9 54
9 54
9 54
0 54
2 56
2 56
3 55
5 57
8 54
4 57
4 57
4 57
8 54
8 54
9 54
8 54
8 54
8 54
8 54
9 54
9 54
5 57
6 57
6 57
6 57
8 54
9 54
2 56
2 56
2 56
6 57
8 54
9 54
3 55
3 55
4 57
8 54
9 54
9 54
0 55
1 57
2 58
7 58
7 58
9 56
6 59
6 59
6 59
7 58
7 58
8 57
4 59
6 59
6 59
6 59
7 58
8 57
1 57
1 57
3 58
3 58
5 59
5 59
5 59
7 58
8 57
9 56
9 56
9 56
7 58
7 58
7 58
8 57
8 57
8 57
2 58
2 58
6 59
7 58
7 58
9 56
8 57
8 57
8 57
9 56
9 56
9 56
9 56
9 56
9 56
9 56
9 56
9 56
3 58
4 59
5 59
8 57
8 57
9 56
3 60
3 60
4 61
6 61
8 58
8 58
9 58
9 58
9 58
9 58
9 58
9 58
0 58
5 61
5 61
6 61
7 60
8 58
1 57
3 60
4 61
4 61
5 61
7 60
6 61
6 61
6 61
6 61
9 58
9 58
5 61
5 61
6 61
6 61
6 61
8 58
2 60
5 61
5 61
6 61
7 60
7 60
4 61
4 61
4 61
4 61
8 58
9 58
8 58
8 58
8 58
8 58
8 58
9 58
7 60
7 60
8 58
8 58
8 58
9 58
1 61
4 61
6 62
8 61
9 60
9 60
5 63
5 63
5 63
7 60
9 60
9 60
6 62
6 62
8 61
8 61
8 61
9 60
4 61
4 61
4 61
5 63
6 62
9 60
3 61
4 61
5 63
7 60
7 60
8 61
8 61
8 61
9 60
9 60
9 60
9 60
0 60
0 60
1 61
1 61
6 62
9 60
2 60
2 60
3 61
5 63
5 63
9 60
7 60
8 61
9 60
9 60
9 60
9 60
9 60
9 60
9 60
9 60
9 60
9 60
1 63
1 63
5 65
7 63
8 63
9 60
8 63
9 60
9 60
9 60
9 60
9 60
5 65
6 64
6 64
6 64
7 63
9 60
3 61
4 64
5 65
6 64
7 63
9 60
4 64
4 64
5 65
5 65
7 63
9 60
9 60
9 60
9 60
9 60
9 60
9 60
2 62
5 65
5 65
5 65
6 64
7 63
6 64
6 64
7 63
7 63
8 63
9 60
0 61
5 65
5 65
5 65
6 64
9 60
7 63
7 63
7 63
8 63
8 63
9 60
2 64
4 66
4 66
5 67
6 66
7 65
7 65
7 65
7 65
8 65
9 64
9 64
8 65
8 65
8 65
8 65
9 64
9 64
4 66
7 65
8 65
8 65
9 64
9 64
9 64
9 64
9 64
9 64
9 64
9 64
1 63
2 64
2 64
6 66
7 65
8 65
6 66
7 65
7 65
7 65
8 65
9 64
5 67
6 66
8 65
9 64
9 64
9 64
3 64
3 64
3 64
4 66
6 66
8 65
0 61
0 61
2 64
5 67
7 65
8 65
5 68
7 67
7 67
7 67
7 67
8 67
2 65
2 65
2 65
4 67
5 68
6 68
8 67
8 67
8 67
9 66
9 66
9 66
0 61
3 67
4 67
7 67
9 66
9 66
4 67
4 67
4 67
4 67
6 68
8 67
7 67
7 67
7 67
7 67
8 67
9 66
9 66
9 66
9 66
9 66
9 66
9 66
1 65
1 65
2 65
3 67
3 67
9 66
3 67
4 67
5 68
6 68
8 67
9 66
6 68
6 68
6 68
8 67
9 66
9 66
3 68
4 67
4 67
4 67
5 70
8 69
6 70
6 70
6 70
6 70
8 69
8 69
4 67
4 67
6 70
6 70
9 68
9 68
1 67
1 67
3 68
4 67
7 69
8 69
2 68
2 68
6 70
7 69
8 69
9 68
8 69
8 69
8 69
9 68
9 68
9 68
5 70
5 70
5 70
8 69
8 69
9 68
7 69
8 69
8 69
8 69
9 68
9 68
9 68
9 68
9 68
9 68
9 68
9 68
0 66
1 67
3 68
6 70
8 69
9 68
1 68
2 70
3 70
3 70
7 71
9 70
8 71
8 71
8 71
8 71
9 70
9 70
5 72
6 72
7 71
8 71
8 71
9 70
9 70
9 70
9 70
9 70
9 70
9 70
4 71
4 71
7 71
7 71
7 71
9 70
7 71
7 71
7 71
8 71
8 71
9 70
2 70
5 72
5 72
6 72
8 71
9 70
6 72
6 72
6 72
6 72
8 71
9 70
3 70
5 72
5 72
6 72
8 71
8 71
0 68
0 68
5 72
5 72
6 72
9 70
8 73
8 73
9 71
9 71
9 71
9 71
3 72
6 74
6 74
6 74
7 73
7 73
2 72
3 72
4 73
4 73
6 74
7 73
5 74
6 74
7 73
7 73
8 73
8 73
4 73
4 73
5 74
7 73
8 73
8 73
7 73
7 73
8 73
8 73
8 73
9 71
1 71
2 72
3 72
4 73
8 73
9 71
6 74
6 74
7 73
7 73
9 71
9 71
0 69
0 69
2 72
2 72
5 74
6 74
9 71
9 71
9 71
9 71
9 71
9 71
3 74
3 74
4 75
4 75
4 75
5 75
9 74
9 74
9 74
9 74
9 74
9 74
2 74
2 74
5 75
5 75
7 74
9 74
6 76
6 76
7 74
8 75
8 75
9 74
4 75
4 75
5 75
8 75
9 74
9 74
1 73
1 73
4 75
7 74
7 74
9 74
8 75
8 75
8 75
9 74
9 74
9 74
0 72
1 73
3 74
4 75
5 75
8 75
7 74
7 74
7 74
8 75
8 75
9 74
5 75
5 75
8 75
8 75
9 74
9 74
0 72
0 72
1 75
5 77
8 77
8 77
3 74
3 74
5 77
5 77
7 77
8 77
2 76
3 74
5 77
6 76
7 77
9 75
9 75
9 75
9 75
9 75
9 75
9 75
7 77
7 77
8 77
9 75
9 75
9 75
1 75
1 75
2 76
5 77
8 77
9 75
6 76
6 76
7 77
7 77
8 77
9 75
8 77
8 77
8 77
8 77
8 77
9 75
4 77
4 77
5 77
7 77
8 77
9 75
5 77
5 77
5 77
6 76
6 76
9 75
9 78
9 78
9 78
9 78
9 78
9 78
7 79
8 79
8 79
9 78
9 78
9 78
2 78
2 78
4 79
6 78
8 79
8 79
0 76
1 77
4 79
6 78
9 78
9 78
5 79
5 79
6 78
7 79
9 78
9 78
6 78
6 78
7 79
8 79
8 79
8 79
1 77
2 78
3 78
4 79
5 79
8 79
4 79
6 78
8 79
8 79
9 78
9 78
8 79
8 79
8 79
8 79
9 78
9 78
3 78
4 79
6 78
6 78
7 79
8 79
8 81
8 81
9 80
9 80
9 80
9 80
5 80
6 80
7 81
8 81
9 80
9 80
3 80
3 80
3 80
4 79
6 80
6 80
1 79
1 79
5 80
6 80
8 81
9 80
9 80
9 80
9 80
9 80
9 80
9 80
2 80
3 80
4 79
5 80
6 80
7 81
6 80
6 80
6 80
6 80
7 81
9 80
7 81
7 81
8 81
8 81
9 80
9 80
0 78
4 79
5 80
5 80
7 81
9 80
4 79
5 80
5 80
6 80
7 81
9 80
4 81
5 82
6 82
7 83
8 83
9 82
8 83
8 83
8 83
8 83
9 82
9 82
0 79
0 79
3 81
7 83
7 83
8 83
1 80
5 82
6 82
7 83
8 83
8 83
5 82
5 82
6 82
8 83
8 83
9 82
3 81
3 81
4 81
4 81
5 82
6 82
2 80
3 81
4 81
6 82
6 82
7 83
7 83
7 83
8 83
8 83
8 83
9 82
9 82
9 82
9 82
9 82
9 82
9 82
6 82
7 83
7 83
9 82
9 82
9 82
2 80
2 80
2 80
3 83
4 83
5 84
6 84
6 84
7 85
8 85
8 85
9 84
0 79
2 80
3 83
5 84
8 85
8 85
5 84
6 84
7 85
7 85
8 85
8 85
8 85
8 85
8 85
9 84
9 84
9 84
4 83
7 85
8 85
8 85
8 85
9 84
7 85
7 85
7 85
8 85
9 84
9 84
3 83
3 83
8 85
8 85
8 85
9 84
9 84
9 84
9 84
9 84
9 84
9 84
1 80
1 80
4 83
6 84
6 84
8 85
5 86
5 86
6 86
7 87
8 87
8 87
3 85
4 85
5 86
6 86
8 87
8 87
4 85
4 85
4 85
8 87
9 86
9 86
9 86
9 86
9 86
9 86
9 86
9 86
2 84
2 84
3 85
7 87
8 87
9 86
6 86
6 86
7 87
8 87
8 87
9 86
1 83
1 83
2 84
5 86
6 86
9 86
7 87
7 87
8 87
9 86
9 86
9 86
8 87
8 87
8 87
8 87
9 86
9 86
0 79
2 84
3 85
4 85
6 86
8 87
6 88
6 88
6 88
6 88
7 89
7 89
7 89
7 89
7 89
7 89
8 89
8 89
0 84
2 86
4 85
8 89
8 89
9 88
1 85
1 85
2 86
6 88
7 89
7 89
5 88
5 88
5 88
7 89
7 89
7 89
9 88
9 88
9 88
9 88
9 88
9 88
4 85
5 88
7 89
7 89
8 89
9 88
3 86
4 85
5 88
7 89
8 89
9 88
8 89
9 88
9 88
9 88
9 88
9 88
2 86
5 88
6 88
7 89
7 89
9 88
7 91
7 91
8 91
8 91
8 91
9 90
4 89
5 90
5 90
7 91
8 91
9 90
2 88
2 88
3 88
3 88
8 91
9 90
1 87
6 90
7 91
8 91
9 90
9 90
8 91
8 91
8 91
8 91
9 90
9 90
0 86
0 86
0 86
1 87
2 88
3 88
5 90
6 90
7 91
8 91
9 90
9 90
9 90
9 90
9 90
9 90
9 90
9 90
6 90
7 91
7 91
8 91
8 91
9 90
3 88
3 88
5 90
6 90
6 90
7 91
1 88
1 88
1 88
4 91
6 92
9 91
5 92
5 92
6 92
7 92
8 93
8 93
7 92
7 92
7 92
8 93
8 93
8 93
8 93
8 93
8 93
9 91
9 91
9 91
4 91
4 91
4 91
4 91
5 92
6 92
3 90
5 92
5 92
7 92
9 91
9 91
2 90
2 90
3 90
4 91
4 91
6 92
6 92
6 92
8 93
8 93
9 91
9 91
0 88
1 88
5 92
5 92
6 92
7 92
9 91
9 91
9 91
9 91
9 91
9 91
6 94
7 94
7 94
8 95
8 95
9 94
0 90
1 91
4 93
6 94
6 94
9 94
8 95
8 95
8 95
8 95
9 94
9 94
7 94
7 94
7 94
8 95
8 95
9 94
9 94
9 94
9 94
9 94
9 94
9 94
2 91
2 91
3 92
4 93
6 94
9 94
5 94
5 94
5 94
6 94
7 94
9 94
1 91
3 92
4 93
4 93
6 94
7 94
3 92
4 93
6 94
8 95
8 95
9 94
4 93
4 93
5 94
7 94
7 94
8 95
8 97
8 97
8 97
9 95
9 95
9 95
9 95
9 95
9 95
9 95
9 95
9 95
5 96
5 96
6 96
7 96
9 95
9 95
6 96
6 96
7 96
7 96
8 97
8 97
1 93
2 93
4 95
5 96
7 96
8 97
3 94
4 95
5 96
7 96
8 97
8 97
0 91
1 93
3 94
6 96
6 96
8 97
7 96
7 96
7 96
8 97
8 97
9 95
4 95
4 95
4 95
5 96
5 96
8 97
2 93
4 95
4 95
4 95
6 96
7 96
2 93
2 93
4 96
9 98
9 98
9 98
7 98
7 98
7 98
8 99
9 98
9 98
6 97
6 97
6 97
7 98
7 98
9 98
9 98
9 98
9 98
9 98
9 98
9 98
8 99
8 99
8 99
9 98
9 98
9 98
3 96
3 96
3 96
6 97
6 97
9 98
5 98
6 97
6 97
8 99
9 98
9 98
0 94
2 93
3 96
3 96
6 97
8 99
1 95
1 95
1 95
6 97
7 98
9 98
4 96
4 96
7 98
7 98
8 99
9 98
4 99
4 99
5 98
5 98
6 97
8 101
8 101
8 101
8 101
9 100
9 100
9 100
1 97
2 97
2 97
5 98
8 101
9 100
0 96
2 97
4 99
8 101
8 101
9 100
3 98
4 99
7 100
7 100
8 101
9 100
7 100
7 100
7 100
8 101
8 101
8 101
9 100
9 100
9 100
9 100
9 100
9 100
5 98
5 98
5 98
6 97
7 100
8 101
6 97
6 97
6 97
6 97
8 101
9 100
2 97
2 97
3 98
3 98
5 98
8 101
4 101
4 101
4 101
6 101
6 101
8 103
2 99
4 101
4 101
5 98
7 101
9 102
0 98
0 98
1 98
7 101
8 103
9 102
3 100
5 98
6 101
7 101
8 103
9 102
1 98
2 99
3 100
5 98
8 103
8 103
6 101
6 101
6 101
7 101
8 103
9 102
7 101
7 101
8 103
8 103
9 102
9 102
9 102
9 102
9 102
9 102
9 102
9 102
5 98
6 101
7 101
8 103
8 103
9 102
8 103
8 103
8 103
9 102
9 102
9 102
4 103
4 103
5 101
6 103
7 104
8 105
0 100
2 101
2 101
4 103
4 103
6 103
6 103
6 103
7 104
8 105
8 105
9 104
7 104
7 104
7 104
8 105
9 104
9 104
2 101
6 103
7 104
7 104
7 104
8 105
3 102
3 102
3 102
6 103
7 104
8 105
5 101
6 103
8 105
9 104
9 104
9 104
1 100
1 100
6 103
6 103
6 103
7 104
8 105
8 105
8 105
9 104
9 104
9 104
9 104
9 104
9 104
9 104
9 104
9 104
3 104
3 104
5 104
5 104
6 105
9 106
8 107
8 107
9 106
9 106
9 106
9 106
9 106
9 106
9 106
9 106
9 106
9 106
5 104
5 104
6 105
8 107
8 107
8 107
4 104
4 104
6 105
9 106
9 106
9 106
0 100
0 100
2 103
4 104
5 104
9 106
7 106
7 106
8 107
9 106
9 106
9 106
6 105
6 105
6 105
6 105
8 107
9 106
1 102
3 104
7 106
7 106
7 106
9 106
2 103
5 104
5 104
7 106
7 106
8 107
4 106
4 106
4 106
6 107
8 109
8 109
9 108
9 108
9 108
9 108
9 108
9 108
2 104
3 106
5 106
7 108
8 109
9 108
0 100
0 100
1 104
3 106
5 106
8 109
8 109
8 109
8 109
8 109
9 108
9 108
3 106
3 106
7 108
8 109
8 109
9 108
7 108
7 108
8 109
9 108
9 108
9 108
6 107
6 107
7 108
8 109
9 108
9 108
5 106
5 106
5 106
5 106
7 108
8 109
1 104
3 106
4 106
6 107
9 108
9 108
7 110
7 110
8 111
8 111
9 109
9 109
6 109
6 109
6 109
7 110
9 109
9 109
9 109
9 109
9 109
9 109
9 109
9 109
3 107
5 108
5 108
7 110
7 110
9 109
1 106
5 108
5 108
5 108
7 110
8 111
4 108
4 108
5 108
7 110
8 111
9 109
8 111
8 111
9 109
9 109
9 109
9 109
0 105
0 105
0 105
0 105
2 107
9 109
5 108
5 108
6 109
9 109
9 109
9 109
2 107
3 107
3 107
7 110
8 111
8 111
4 110
4 110
4 110
4 110
6 110
6 110
3 107
4 110
4 110
7 112
9 109
9 109
6 110
6 110
7 112
8 111
9 109
9 109
2 108
4 110
5 110
5 110
6 110
7 112
5 110
6 110
6 110
6 110
8 111
8 111
9 109
9 109
9 109
9 109
9 109
9 109
0 107
0 107
1 108
1 108
5 110
7 112
7 112
7 112
8 111
9 109
9 109
9 109
1 108
1 108
3 107
3 107
6 110
8 111
8 111
8 111
8 111
9 109
9 109
9 109
9 109
9 109
9 109
9 109
9 109
9 109
7 113
7 113
8 113
8 113
9 109
9 109
3 111
5 112
5 112
6 113
6 113
8 113
6 113
7 113
8 113
8 113
9 109
9 109
2 110
3 111
5 112
6 113
8 113
9 109
5 112
5 112
5 112
7 113
7 113
8 113
4 112
4 112
5 112
7 113
8 113
9 109
0 109
2 110
7 113
7 113
7 113
8 113
1 110
3 111
5 112
5 112
6 113
9 109
8 113
8 113
8 113
8 113
8 113
9 109
0 111
4 114
5 114
5 114
9 114
9 114
4 114
5 114
5 114
7 113
7 113
9 114
1 112
1 112
2 110
2 110
3 113
6 113
6 113
6 113
6 113
6 113
8 114
8 114
5 114
5 114
6 113
8 114
8 114
9 114
3 113
4 114
5 114
8 114
8 114
8 114
8 114
8 114
9 114
9 114
9 114
9 114
9 114
9 114
9 114
9 114
9 114
9 114
2 110
2 110
5 114
6 113
8 114
9 114
7 113
7 113
7 113
8 114
9 114
9 114
5 116
5 116
5 116
7 115
7 115
9 116
9 116
9 116
9 116
9 116
9 116
9 116
3 115
5 116
6 115
7 115
8 116
9 116
6 115
8 116
8 116
8 116
8 116
9 116
1 114
2 114
4 115
6 115
8 116
9 116
0 113
0 113
1 114
5 116
7 115
9 116
4 115
5 116
5 116
7 115
8 116
8 116
7 115
7 115
9 116
9 116
9 116
9 116
8 116
8 116
8 116
9 116
9 116
9 116
2 114
2 114
4 115
5 116
6 115
8 116
0 115
2 116
5 118
6 116
7 117
7 117
2 116
4 115
5 118
5 118
5 118
6 116
6 116
7 117
8 117
9 118
9 118
9 118
8 117
8 117
8 117
8 117
8 117
9 118
3 117
4 115
5 118
6 116
6 116
9 118
5 118
5 118
5 118
6 116
8 117
9 118
9 118
9 118
9 118
9 118
9 118
9 118
4 115
4 115
5 118
6 116
6 116
9 118
7 117
7 117
8 117
9 118
9 118
9 118
1 116
4 115
6 116
7 117
8 117
9 118
4 119
4 119
5 119
5 119
5 119
8 119
9 120
9 120
9 120
9 120
9 120
9 120
3 118
4 119
6 119
6 119
7 119
8 119
5 119
6 119
8 119
8 119
8 119
9 120
2 117
3 118
6 119
6 119
7 119
9 120
7 119
7 119
7 119
8 119
8 119
9 120
0 115
0 115
2 117
5 119
5 119
7 119
1 116
3 118
3 118
6 119
8 119
8 119
8 119
8 119
8 119
8 119
9 120
9 120
6 119
6 119
6 119
8 119
8 119
9 120
1 116
3 118
4 121
5 121
8 120
9 120
3 118
3 118
4 121
8 120
9 120
9 120
2 117
2 117
6 121
6 121
7 121
9 120
6 121
6 121
7 121
7 121
7 121
7 121
0 115
0 115
4 121
6 121
7 121
9 120
8 120
8 120
8 120
8 120
9 120
9 120
9 120
9 120
9 120
9 120
9 120
9 120
4 121
4 121
7 121
8 120
9 120
9 120
5 121
5 121
6 121
7 121
8 120
8 120
7 121
7 121
7 121
8 120
8 120
9 120
0 115
0 115
1 116
3 122
5 123
7 123
6 123
6 123
8 120
8 120
9 120
9 120
4 123
4 123
5 123
5 123
8 120
9 120
7 123
8 120
8 120
9 120
9 120
9 120
5 123
5 123
5 123
7 123
8 120
9 120
2 121
5 123
6 123
6 123
8 120
9 120
9 120
9 120
9 120
9 120
9 120
9 120
8 120
8 120
9 120
9 120
9 120
9 120
1 116
1 116
3 122
7 123
7 123
9 120
3 122
5 123
5 123
6 123
9 120
9 120
8 0
8 0
8 0
8 0
8 0
9 0
0 0
3 0
9 0
9 0
9 0
9 0
9 0
9 0
9 0
3 0
3 0
8 0
8 0
9 0
0 0
8 0
9 0
9 0
9 0
9 0
9 0
9 0
9 0
3 0
3 0
9 0
8 0
9 0
9 0
9 0
9 0
9 0
9 0
9 0
9 0
9 0
9 0
9 0
3 0
3 0
9 0
0 0
3 0
3 0
8 0
8 0
8 0
8 0
8 0
9 0
9 0
9 0
0 0
0 0
3 0
8 0
9 0
3 0
3 0
8 0
8 0
8 0
8 0
8 0
8 0
9 0
9 0
9 0
9 0
9 0
9 0
9 0
9 0
9 0
9 0
9 0
9 0
9 0
9 0
3 1
3 1
9 0
9 0
8 0
9 0
9 0
9 0
9 0
9 0
0 0
9 0
9 0
3 1
3 1
9 0
8 0
8 0
8 0
9 0
9 0
9 0
0 0
0 0
9 0
9 0
9 0
9 0
9 0
9 0
9 0
3 1
3 1
8 0
8 0
0 0
0 0
8 0
8 0
8 0
8 0
8 0
8 0
9 0
9 0
9 0
9 0
9 0
9 0
9 0
0 0
9 0
3 1
3 1
8 0
9 0
9 0
9 0
9 0
9 0
9 0
9 0
8 0
8 0
8 0
9 0
9 0
9 0
3 1
9 0
9 0
9 0
9 0
9 0
9 0
9 0
0 0
9 0
9 0
8 0
8 0
8 0
8 0
8 0
9 0
3 1
3 1
3 1
8 0
8 0
8 0
8 0
9 0
9 0
9 0
9 0
9 0
9 0
9 0
9 0
9 0
0 0
3 1
3 1
8 0
9 0
9 0
9 0
9 0
9 0
9 0
8 0
8 0
8 0
9 0
9 0
9 0
0 0
3 1
3 1
9 0
2 1
3 1
3 1
9 0
8 0
8 0
8 0
8 0
8 0
9 0
0 0
9 0
9 0
9 0
9 0
9 0
9 0
0 0
0 0
2 1
8 0
8 0
9 0
9 0
9 0
9 0
9 0
9 0
2 1
3 1
9 0
3 1
8 0
8 0
9 0
8 0
8 0
8 0
8 0
9 0
9 0
1 1
1 1
1 1
3 1
0 0
3 1
9 0
8 0
8 0
8 0
9 0
9 0
9 0
1 1
1 1
8 0
9 0
3 1
9 0
9 0
9 0
2 1
2 1
3 1
8 0
9 0
9 0
9 0
9 0
9 0
9 0
9 0
2 2
2 2
3 1
3 1
9 2
3 1
3 1
8 2
9 2
1 1
2 2
7 1
8 2
9 2
8 2
8 2
8 2
8 2
9 2
9 2
7 1
7 1
7 1
8 2
9 2
9 2
0 0
1 1
2 2
9 2
9 2
9 2
9 2
9 2
9 2
9 2
8 2
8 2
8 2
8 2
9 2
9 2
2 2
2 2
8 2
9 2
9 2
9 2
9 2
9 2
9 2
1 1
8 2
8 2
7 1
7 1
7 1
8 2
8 2
9 2
3 1
3 1
8 2
8 2
9 2
0 0
0 0
0 0
0 0
9 2
9 2
9 2
9 2
9 2
9 2
9 2
8 2
8 2
8 2
9 2
9 2
9 2
2 2
3 1
8 2
9 2
0 0
0 0
8 2
8 2
3 1
7 1
7 1
8 2
8 2
7 1
7 1
7 1
8 2
9 2
9 2
1 1
2 2
3 1
2 2
7 1
8 3
7 1
8 3
8 3
9 2
9 2
9 2
8 3
8 3
8 3
9 2
9 2
9 2
0 0
0 0
1 1
3 1
8 3
3 1
9 2
9 2
9 2
9 2
9 2
9 2
9 2
1 1
1 1
3 1
9 2
8 3
8 3
8 3
8 3
8 3
8 3
9 2
9 2
9 2
9 2
9 2
9 2
7 1
7 1
8 3
9 2
9 2
9 2
0 0
3 1
3 1
7 1
8 3
3 1
3 1
3 1
9 2
1 1
1 1
3 1
9 2
2 2
3 1
8 3
8 3
1 1
1 1
1 1
2 2
8 3
6 2
6 2
6 2
6 2
8 3
9 2
3 1
9 2
9 2
9 2
9 2
9 2
9 2
9 2
7 2
7 2
7 2
8 3
8 3
8 3
0 0
0 0
1 1
1 1
8 3
8 3
8 3
8 3
9 2
9 2
2 2
3 1
8 3
9 2
6 3
6 3
6 3
8 3
8 3
9 2
2 2
7 2
7 2
8 3
8 3
8 3
8 3
8 3
9 2
9 2
9 2
9 2
9 2
9 2
9 2
9 2
1 1
1 1
7 2
8 3
8 3
9 2
0 0
2 2
7 2
8 3
9 2
7 2
7 2
7 2
8 3
9 2
9 2
3 1
6 3
7 2
7 2
6 3
6 3
6 3
7 2
7 2
9 2
8 3
8 3
8 3
8 3
9 2
9 2
0 0
0 0
3 1
7 2
9 2
9 2
9 2
9 2
9 2
9 2
9 2
7 2
7 2
7 2
8 3
9 2
9 2
1 1
1 1
9 2
3 1
6 3
6 3
8 3
2 2
6 3
6 3
6 3
0 0
6 3
8 3
6 3
6 3
7 2
7 2
7 2
7 2
1 1
6 3
6 3
7 2
7 2
3 1
7 2
7 2
9 2
9 2
8 3
8 3
8 3
9 2
9 2
9 2
9 2
9 2
9 2
9 2
9 2
9 2
7 2
7 2
8 3
8 3
8 3
8 3
2 2
2 2
3 1
6 3
1 1
1 1
1 1
7 2
7 2
3 1
3 1
6 3
6 3
8 3
9 2
6 3
6 3
6 3
7 2
7 2
8 3
2 2
6 3
7 2
9 2
9 2
9 2
7 2
7 2
8 3
9 2
9 2
9 2
0 0
3 1
3 1
7 2
7 2
8 3
9 2
9 2
9 2
9 2
9 2
9 2
8 3
8 3
8 3
8 3
9 2
9 2
7 2
7 2
7 2
7 2
8 3
8 3
2 2
3 3
7 2
8 3
6 3
6 3
6 3
6 3
8 3
9 2
9 2
9 2
9 2
9 2
9 2
9 2
8 3
8 3
8 3
9 2
9 2
9 2
0 0
0 0
1 1
3 3
3 3
6 3
3 3
9 2
9 2
1 1
3 3
8 3
8 3
9 2
0 0
0 0
1 1
2 2
5 3
7 2
2 2
4 2
6 3
6 3
7 2
8 3
1 1
1 1
4 2
6 3
7 2
9 4
3 3
4 2
5 3
6 3
6 3
7 2
7 2
7 2
7 2
8 3
8 3
9 4
9 4
9 4
9 4
9 4
9 4
9 4
4 2
4 2
4 2
5 3
6 3
7 2
6 3
6 3
6 3
6 3
7 2
8 3
8 3
8 3
8 3
8 3
9 4
9 4
5 3
6 3
6 3
6 3
8 3
9 4
1 1
2 2
4 2
5 3
6 4
8 3
9 4
9 4
9 4
9 4
9 4
9 4
0 0
0 0
1 1
2 2
4 2
6 4
8 3
8 3
9 4
9 4
9 4
9 4
4 2
5 3
5 3
8 3
8 3
9 4
6 4
6 4
7 4
8 3
9 4
9 4
3 3
3 3
5 3
5 3
5 3
8 3
7 4
7 4
8 3
9 4
9 4
9 4
5 3
5 3
5 3
7 4
8 3
8 3
2 2
2 2
2 2
3 3
3 3
7 4
6 4
6 4
6 4
7 5
7 5
9 4
8 5
8 5
8 5
8 5
9 4
9 4
0 0
1 3
5 3
7 5
7 5
8 5
9 4
9 4
9 4
9 4
9 4
9 4
1 3
2 2
4 4
5 3
5 3
6 4
4 4
6 4
6 4
6 4
7 5
8 5
7 5
7 5
8 5
8 5
9 4
9 4
5 3
5 3
7 5
7 5
8 5
9 4
3 3
3 3
5 3
6 4
8 5
9 4
2 2
4 4
7 5
8 5
8 5
9 4
2 2
6 4
8 6
8 6
8 6
9 4
1 3
2 2
2 2
4 4
7 5
8 6
3 3
5 3
7 5
9 4
9 4
9 4
8 6
8 6
9 4
9 4
9 4
9 4
5 3
5 3
5 3
6 4
7 5
9 4
9 4
9 4
9 4
9 4
9 4
9 4
0 0
0 0
1 3
6 4
6 4
9 4
4 4
4 4
5 3
5 3
6 4
6 4
6 4
6 4
7 5
8 6
8 6
9 4
7 5
8 6
8 6
8 6
8 6
9 4
7 5
7 5
8 6
8 6
9 5
9 5
9 5
9 5
9 5
9 5
9 5
9 5
3 3
3 3
5 3
5 3
7 5
9 5
8 6
8 6
8 6
9 5
9 5
9 5
6 4
6 4
6 4
7 5
8 6
9 5
4 4
5 3
6 4
6 4
6 4
7 5
5 3
5 3
6 4
6 4
7 5
7 5
2 2
2 2
2 2
2 2
4 4
8 6
0 0
0 0
1 3
2 2
8 6
8 6
1 3
2 2
3 3
6 4
7 5
9 5
2 4
3 3
6 4
7 5
9 5
9 5
6 4
6 4
6 4
7 5
7 5
9 5
8 6
8 6
9 5
9 5
9 5
9 5
1 3
2 4
4 4
6 4
7 5
8 6
4 4
4 4
6 4
6 4
6 4
8 6
3 3
5 3
6 4
6 4
7 5
8 6
0 4
0 4
1 3
3 3
4 4
5 3
7 5
7 5
7 5
7 5
8 6
8 6
9 5
9 5
9 5
9 5
9 5
9 5
5 3
5 3
6 4
6 4
9 5
9 5
4 4
4 4
6 6
6 6
8 8
8 8
8 8
8 8
9 7
9 7
9 7
9 7
1 3
1 3
1 3
2 4
4 4
5 3
6 6
7 6
8 8
9 7
9 7
9 7
3 3
3 3
4 4
6 6
8 8
8 8
7 6
7 6
7 6
7 6
8 8
9 7
2 4
2 4
4 4
7 6
8 8
8 8
0 4
2 4
3 3
3 3
4 4
8 8
5 3
5 3
5 3
6 6
7 6
8 8
9 7
9 7
9 7
9 7
9 7
9 7
3 3
7 6
7 6
8 9
8 9
9 9
9 9
9 9
9 9
9 9
9 9
9 9
1 3
3 3
7 6
7 6
9 9
9 9
0 4
0 4
2 4
2 4
4 4
7 6
7 6
7 6
8 9
8 9
8 9
9 9
2 4
3 3
5 3
7 6
8 9
8 9
5 3
5 3
6 7
7 6
9 9
9 9
8 9
8 9
8 9
8 9
8 9
9 9
6 7
6 7
8 9
8 9
9 9
9 9
4 4
4 4
6 7
8 9
8 9
8 9
2 5
2 5
6 7
7 8
9 11
9 11
7 8
8 9
8 9
9 11
9 11
9 11
6 7
7 8
7 8
7 8
8 9
9 11
0 4
0 4
3 3
4 7
5 6
7 8
1 5
1 5
4 7
5 6
6 7
8 9
8 9
9 11
9 11
9 11
9 11
9 11
9 11
9 11
9 11
9 11
9 11
9 11
5 6
5 6
6 7
6 7
7 8
8 9
4 7
4 7
4 7
6 7
7 8
8 9
3 3
3 3
4 7
4 7
9 11
9 11
5 8
5 8
6 7
6 7
7 8
8 12
4 8
4 8
4 8
4 8
6 7
6 7
3 8
6 7
8 12
8 12
9 13
9 13
6 7
6 7
7 8
7 8
7 8
8 12
8 12
8 12
8 12
9 13
9 13
9 13
2 7
2 7
5 8
7 8
7 8
7 8
9 13
9 13
9 13
9 13
9 13
9 13
1 5
1 5
1 5
3 8
4 8
7 8
7 8
7 8
7 8
8 12
9 13
9 13
0 4
1 5
7 8
7 8
7 8
9 13
4 8
4 8
5 8
5 8
7 13
7 13
5 8
5 8
8 14
9 15
9 15
9 15
3 8
3 8
6 12
6 12
7 13
8 14
6 12
6 12
7 13
8 14
9 15
9 15
8 14
8 14
8 14
8 14
9 15
9 15
2 9
2 9
2 9
6 12
6 12
9 15
9 15
9 15
9 15
9 15
9 15
9 15
1 8
1 8
2 9
2 9
2 9
4 8
7 13
7 13
7 13
8 14
8 14
9 15
0 5
4 8
4 8
6 12
8 14
8 14
4 12
5 13
6 13
8 16
8 16
9 17
9 17
9 17
9 17
9 17
9 17
9 17
7 15
7 15
7 15
7 15
7 15
8 16
5 13
5 13
7 15
8 16
9 17
9 17
6 13
7 15
7 15
7 15
7 15
9 17
8 16
8 16
8 16
8 16
9 17
9 17
3 8
5 13
6 13
8 16
9 17
9 17
1 10
4 12
7 15
8 16
9 17
9 17
2 11
4 12
4 12
5 13
7 15
8 16
0 5
3 8
5 13
5 13
7 15
8 16
4 13
4 13
6 16
9 19
9 19
9 19
6 16
6 16
6 16
6 16
8 18
9 19
7 15
7 15
8 18
8 18
9 19
9 19
8 18
8 18
8 18
8 18
9 19
9 19
1 11
1 11
1 11
3 13
4 13
9 19
2 13
2 13
3 13
4 13
5 15
7 15
0 11
0 11
2 13
6 16
8 18
9 19
3 13
5 15
5 15
5 15
5 15
9 19
9 19
9 19
9 19
9 19
9 19
9 19
5 15
5 15
7 15
7 15
8 18
9 19
4 15
4 15
5 17
7 18
7 18
8 19
5 17
5 17
7 18
7 18
8 19
9 20
7 18
7 18
8 19
8 19
9 20
9 20
2 15
4 15
4 15
4 15
7 18
9 20
3 15
5 17
6 16
6 16
6 16
8 19
6 16
6 16
7 18
9 20
9 20
9 20
8 19
8 19
8 19
9 20
9 20
9 20
9 20
9 20
9 20
9 20
9 20
9 20
1 14
1 14
1 14
3 15
4 15
5 17
0 13
1 14
4 15
4 15
5 17
6 16
7 18
7 18
7 18
8 19
8 19
9 20
2 17
3 17
4 18
5 19
5 19
8 19
4 18
4 18
8 19
8 19
9 20
9 20
9 20
9 20
9 20
9 20
9 20
9 20
6 19
6 19
7 18
8 19
8 19
9 20
3 17
3 17
3 17
4 18
5 19
6 19
1 16
1 16
2 17
2 17
6 19
7 18
5 19
5 19
5 19
6 19
7 18
8 19
8 19
8 19
8 19
8 19
8 19
9 20
0 15
0 15
0 15
3 17
4 18
5 19
5 21
5 21
5 21
7 18
7 18
8 19
3 19
4 20
6 21
6 21
7 18
7 18
8 19
8 19
9 20
9 20
9 20
9 20
6 21
6 21
7 18
7 18
9 20
9 20
1 17
2 19
4 20
4 20
7 18
9 20
7 18
7 18
7 18
8 19
8 19
9 20
9 20
9 20
9 20
9 20
9 20
9 20
4 20
4 20
5 21
8 19
8 19
8 19
2 19
2 19
3 19
3 19
5 21
7 18
0 17
0 17
0 17
1 17
5 21
6 21
8 19
8 19
8 19
8 19
9 20
9 20
2 21
4 22
5 22
5 22
6 23
7 22
3 21
5 22
5 22
6 23
8 19
8 19
9 20
9 20
9 20
9 20
9 20
9 20
4 22
5 22
7 22
8 19
8 19
9 20
1 19
3 21
3 21
7 22
7 22
9 20
6 23
6 23
7 22
7 22
8 19
8 19
0 19
2 21
2 21
5 22
6 23
8 19
7 22
7 22
8 19
8 19
9 20
9 20
5 22
5 22
5 22
5 22
7 22
9 20
6 24
6 24
6 24
7 22
9 22
9 22
3 23
3 23
4 22
4 22
5 22
9 22
1 22
6 24
6 24
8 23
9 22
9 22
0 21
0 21
4 22
5 22
6 24
8 23
7 22
7 22
7 22
9 22
9 22
9 22
2 22
4 22
5 22
6 24
6 24
9 22
9 22
9 22
9 22
9 22
9 22
9 22
8 23
8 23
8 23
8 23
9 22
9 22
4 22
4 22
4 22
5 22
9 22
9 22
5 22
5 22
7 22
8 23
8 23
9 22
8 25
8 25
8 25
9 24
9 24
9 24
1 24
2 24
3 23
4 22
5 22
8 25
5 22
6 24
7 25
8 25
8 25
9 24
9 24
9 24
9 24
9 24
9 24
9 24
4 22
5 22
5 22
6 24
6 24
8 25
3 23
3 23
6 24
6 24
7 25
9 24
2 24
2 24
3 23
8 25
9 24
9 24
7 25
7 25
7 25
8 25
8 25
8 25
0 23
3 23
4 22
5 22
8 25
9 24
6 24
6 24
6 24
6 24
7 25
9 24
5 22
5 22
6 24
7 27
7 27
8 27
2 26
2 26
3 23
6 24
8 27
9 26
4 22
4 22
5 22
7 27
8 27
8 27
8 27
8 27
8 27
8 27
9 26
9 26
1 26
4 22
6 24
7 27
7 27
8 27
7 27
8 27
8 27
9 26
9 26
9 26
9 26
9 26
9 26
9 26
9 26
9 26
6 24
6 24
7 27
8 27
8 27
9 26
3 23
6 24
7 27
7 27
7 27
8 27
0 25
1 26
2 26
5 22
5 22
8 27
1 28
1 28
3 27
4 22
6 28
8 27
5 22
5 22
6 28
6 28
6 28
7 27
0 27
3 27
4 22
5 22
7 27
8 27
6 28
6 28
7 27
7 27
7 27
9 28
8 27
8 27
8 27
9 28
9 28
9 28
9 28
9 28
9 28
9 28
9 28
9 28
3 27
3 27
4 22
6 28
6 28
6 28
7 27
7 27
7 27
8 27
9 28
9 28
4 22
5 22
7 27
8 27
8 27
9 28
2 28
3 27
5 22
5 22
7 27
8 27
4 28
5 29
5 29
6 30
7 29
8 29
6 30
6 30
6 30
7 29
7 29
8 29
7 29
7 29
7 29
8 29
8 29
8 29
0 29
4 28
5 29
5 29
7 29
8 29
2 29
2 29
5 29
5 29
6 30
8 29
1 28
1 28
1 28
3 29
4 28
6 30
8 29
8 29
8 29
9 28
9 28
9 28
3 29
3 29
5 29
6 30
6 30
9 28
5 29
5 29
5 29
5 29
7 29
8 29
9 28
9 28
9 28
9 28
9 28
9 28
1 30
1 30
2 29
2 29
4 29
9 28
2 29
2 29
3 29
4 29
7 31
8 31
4 29
4 29
5 31
7 31
8 31
9 28
9 28
9 28
9 28
9 28
9 28
9 28
6 30
7 31
7 31
8 31
8 31
9 28
3 29
4 29
4 29
4 29
4 29
6 30
8 31
8 31
8 31
8 31
9 28
9 28
5 31
5 31
6 30
6 30
8 31
9 28
7 31
7 31
7 31
8 31
8 31
9 28
0 31
0 31
1 30
1 30
6 30
9 28
9 31
9 31
9 31
9 31
9 31
9 31
2 31
2 31
3 31
3 31
8 32
9 31
0 33
3 31
4 31
5 33
6 32
6 32
7 33
7 33
7 33
7 33
8 32
9 31
1 32
2 31
6 32
7 33
8 32
9 31
3 31
3 31
5 33
6 32
7 33
8 32
8 32
8 32
8 32
8 32
8 32
9 31
4 31
4 31
7 33
7 33
7 33
9 31
6 32
6 32
6 32
7 33
7 33
8 32
5 33
5 33
6 32
6 32
8 32
8 32
2 33
2 33
4 34
7 35
8 32
9 31
3 33
4 34
5 35
6 34
6 34
9 31
4 34
4 34
6 34
8 32
8 32
9 31
8 32
8 32
8 32
9 31
9 31
9 31
7 35
7 35
8 32
8 32
9 31
9 31
9 31
9 31
9 31
9 31
9 31
9 31
6 34
8 32
8 32
8 32
9 31
9 31
5 35
5 35
5 35
7 35
9 31
9 31
1 34
3 33
6 34
7 35
8 32
9 31
0 34
5 35
6 34
6 34
7 35
9 31
7 37
7 37
7 37
8 36
9 35
9 35
2 34
3 35
4 35
5 37
7 37
9 35
3 35
4 35
5 37
6 36
7 37
8 36
4 35
5 37
6 36
6 36
6 36
9 35
0 36
0 36
2 34
3 35
4 35
9 35
1 36
1 36
4 35
5 37
8 36
9 35
9 35
9 35
9 35
9 35
9 35
9 35
5 37
6 36
6 36
8 36
8 36
9 35
6 36
6 36
7 37
8 36
8 36
9 35
8 36
8 36
8 36
8 36
9 35
9 35
9 37
9 37
9 37
9 37
9 37
9 37
7 37
7 37
7 37
9 37
9 37
9 37
0 38
4 38
5 37
6 38
8 38
9 37
5 37
5 37
5 37
6 38
6 38
9 37
4 38
4 38
5 37
5 37
7 37
9 37
2 37
2 37
2 37
5 37
5 37
8 38
8 38
8 38
8 38
8 38
8 38
9 37
6 38
6 38
6 38
7 37
7 37
9 37
3 37
4 38
6 38
8 38
8 38
9 37
1 38
5 37
5 37
8 38
8 38
8 38
4 39
5 37
7 39
9 38
9 38
9 38
9 38
9 38
9 38
9 38
9 38
9 38
2 39
3 39
3 39
4 39
9 38
9 38
0 39
1 40
5 37
5 37
8 40
9 38
5 37
5 37
6 40
7 39
9 38
9 38
6 40
6 40
6 40
8 40
8 40
9 38
8 40
8 40
8 40
8 40
9 38
9 38
7 39
7 39
7 39
8 40
8 40
9 38
1 40
2 39
3 39
4 39
5 37
6 40
3 39
3 39
6 40
7 39
8 40
9 38
9 41
9 41
9 41
9 41
9 41
9 41
5 41
6 42
7 41
8 42
9 41
9 41
8 42
8 42
8 42
8 42
9 41
9 41
4 39
4 39
4 39
4 39
8 42
8 42
2 41
3 41
3 41
4 39
5 41
7 41
1 42
1 42
3 41
6 42
6 42
8 42
6 42
7 41
7 41
8 42
9 41
9 41
7 41
7 41
7 41
8 42
8 42
9 41
3 41
4 39
4 39
7 41
7 41
9 41
0 40
1 42
3 41
4 39
6 42
8 42
6 44
7 43
8 43
9 42
9 42
9 42
9 42
9 42
9 42
9 42
9 42
9 42
8 43
8 43
8 43
9 42
9 42
9 42
4 39
5 43
6 44
6 44
9 42
9 42
3 43
4 39
5 43
5 43
6 44
8 43
1 43
1 43
1 43
3 43
5 43
5 43
7 43
7 43
7 43
8 43
9 42
9 42
5 43
5 43
6 44
6 44
7 43
9 42
0 43
1 43
3 43
3 43
5 43
8 43
2 41
3 43
3 43
5 43
7 43
7 43
9 42
9 42
9 42
9 42
9 42
9 42
6 45
7 45
7 45
8 45
9 42
9 42
1 43
5 45
6 45
6 45
8 45
8 45
2 44
5 45
8 45
8 45
9 42
9 42
3 45
3 45
5 45
6 45
8 45
8 45
0 43
0 43
0 43
6 45
6 45
8 45
5 45
5 45
5 45
6 45
6 45
7 45
8 45
8 45
8 45
9 42
9 42
9 42
4 44
6 45
6 45
6 45
6 45
9 42
7 45
7 45
7 45
7 45
7 45
9 42
3 45
3 45
4 46
5 45
8 46
8 46
0 43
1 43
3 45
4 46
5 45
6 45
7 46
7 46
8 46
8 46
9 46
9 46
2 44
2 44
3 45
3 45
4 46
5 45
8 46
8 46
8 46
9 46
9 46
9 46
6 45
7 46
7 46
8 46
8 46
9 46
5 45
5 45
8 46
8 46
8 46
9 46
1 43
1 43
2 44
2 44
4 46
6 45
4 46
5 45
7 46
8 46
9 46
9 46
9 46
9 46
9 46
9 46
9 46
9 46
9 48
9 48
9 48
9 48
9 48
9 48
1 43
1 43
1 43
2 44
5 47
6 47
6 47
7 48
7 48
9 48
9 48
9 48
7 48
7 48
7 48
7 48
7 48
9 48
3 47
4 48
7 48
8 48
8 48
9 48
5 47
5 47
6 47
7 48
8 48
9 48
8 48
8 48
8 48
8 48
9 48
9 48
4 48
4 48
6 47
7 48
7 48
9 48
2 44
2 44
5 47
5 47
7 48
8 48
0 43
0 43
4 48
6 47
8 48
9 48
3 49
4 50
4 50
6 49
6 49
7 50
1 43
1 43
1 43
1 43
4 50
5 49
6 49
6 49
6 49
7 50
8 49
9 50
2 48
3 49
4 50
4 50
6 49
8 49
5 49
5 49
6 49
6 49
6 49
7 50
7 50
7 50
7 50
7 50
7 50
9 50
8 49
8 49
8 49
9 50
9 50
9 50
4 50
6 49
6 49
6 49
8 49
9 50
9 50
9 50
9 50
9 50
9 50
9 50
0 43
2 48
3 49
4 50
7 50
7 50
2 50
2 50
2 50
3 51
5 51
8 51
9 52
9 52
9 52
9 52
9 52
9 52
0 43
2 50
3 51
6 51
8 51
9 52
5 51
6 51
8 51
8 51
8 51
9 52
7 52
7 52
7 52
9 52
9 52
9 52
4 50
6 51
7 52
8 51
9 52
9 52
1 49
1 49
2 50
3 51
3 51
7 52
6 51
6 51
7 52
7 52
8 51
9 52
8 51
8 51
8 51
9 52
9 52
9 52
3 51
3 51
6 51
6 51
7 52
9 52
2 52
2 52
3 53
5 53
8 52
9 54
9 54
9 54
9 54
9 54
9 54
9 54
5 53
5 53
6 53
6 53
7 54
8 52
4 52
4 52
4 52
6 53
7 54
9 54
0 49
3 53
4 52
5 53
6 53
8 52
8 52
8 52
8 52
8 52
9 54
9 54
6 53
6 53
7 54
8 52
8 52
9 54
1 51
1 51
2 52
5 53
7 54
8 52
3 53
3 53
4 52
7 54
8 52
8 52
7 54
7 54
8 52
8 52
8 52
9 54
5 53
5 53
7 55
8 55
9 56
9 56
9 56
9 56
9 56
9 56
9 56
9 56
2 54
2 54
3 53
6 55
6 55
8 55
0 52
4 54
6 55
7 55
7 55
9 56
6 55
6 55
8 55
8 55
8 55
9 56
1 52
2 54
4 54
5 53
6 55
7 55
3 53
3 53
3 53
7 55
7 55
9 56
8 55
8 55
8 55
8 55
9 56
9 56
7 55
8 55
8 55
8 55
9 56
9 56
4 54
4 54
6 55
7 55
7 55
9 56
3 55
4 56
5 56
6 57
6 57
9 58
9 58
9 58
9 58
9 58
9 58
9 58
7 57
7 57
8 57
9 58
9 58
9 58
0 54
7 57
8 57
8 57
8 57
9 58
1 55
3 55
5 56
6 57
7 57
9 58
6 57
7 57
7 57
7 57
7 57
9 58
2 56
2 56
3 55
8 57
8 57
9 58
8 57
8 57
8 57
9 58
9 58
9 58
4 56
4 56
4 56
5 56
5 56
6 57
5 56
5 56
6 57
7 57
8 57
8 57
5 58
5 58
6 58
7 59
8 58
9 60
0 55
2 57
6 58
6 58
6 58
7 59
7 59
8 58
8 58
8 58
9 60
9 60
4 58
6 58
7 59
7 59
7 59
8 58
9 60
9 60
9 60
9 60
9 60
9 60
2 57
2 57
3 57
5 58
5 58
8 58
1 56
2 57
3 57
6 58
8 58
9 60
8 58
8 58
9 60
9 60
9 60
9 60
3 57
5 58
6 58
6 58
7 59
9 60
6 58
6 58
7 59
8 58
9 60
9 60
5 59
5 59
5 59
5 59
7 61
9 62
0 55
0 55
1 56
1 56
7 61
9 62
6 60
6 60
6 60
8 61
9 62
9 62
7 61
7 61
8 61
9 62
9 62
9 62
2 59
3 59
4 59
4 59
5 59
6 60
4 59
4 59
7 61
8 61
8 61
9 62
8 61
8 61
8 61
8 61
9 62
9 62
9 62
9 62
9 62
9 62
9 62
9 62
1 56
2 59
2 59
4 59
8 61
9 62
3 59
4 59
6 60
7 61
8 61
9 62
5 61
5 61
6 62
6 62
6 62
8 63
7 63
7 63
7 63
7 63
9 64
9 64
2 61
5 61
6 62
7 63
8 63
8 63
9 64
9 64
9 64
9 64
9 64
9 64
3 61
3 61
5 61
7 63
8 63
9 64
4 61
5 61
5 61
6 62
7 63
9 64
8 63
8 63
8 63
8 63
8 63
9 64
1 60
1 60
7 63
8 63
9 64
9 64
0 59
1 60
2 61
3 61
4 61
8 63
6 62
7 63
7 63
8 63
8 63
9 64
3 63
7 65
8 65
8 65
9 66
9 66
9 66
9 66
9 66
9 66
9 66
9 66
0 61
3 63
6 63
6 63
8 65
8 65
8 65
8 65
8 65
8 65
9 66
9 66
7 65
7 65
8 65
8 65
9 66
9 66
5 63
5 63
5 63
8 65
8 65
9 66
6 63
6 63
8 65
8 65
8 65
9 66
2 63
7 65
7 65
8 65
9 66
9 66
1 60
2 63
4 62
5 63
7 65
8 65
4 62
4 62
4 62
5 63
7 65
8 65
6 65
8 67
8 67
8 67
9 68
9 68
0 63
2 65
4 64
4 64
8 67
9 68
5 65
5 65
6 65
7 65
8 67
9 68
4 64
5 65
5 65
7 65
7 65
7 65
9 68
9 68
9 68
9 68
9 68
9 68
3 65
4 64
5 65
5 65
7 65
9 68
1 64
5 65
6 65
7 65
8 67
8 67
8 67
8 67
8 67
8 67
9 68
9 68
2 65
3 65
4 64
5 65
7 65
7 65
7 65
7 65
8 67
8 67
8 67
9 68
0 65
2 67
3 65
4 66
6 67
9 70
6 67
6 67
6 67
7 68
7 68
9 70
4 66
4 66
5 67
6 67
7 68
8 69
7 68
7 68
8 69
8 69
9 70
9 70
3 65
3 65
3 65
6 67
7 68
9 70
9 70
9 70
9 70
9 70
9 70
9 70
8 69
8 69
8 69
8 69
8 69
9 70
5 67
5 67
5 67
6 67
6 67
8 69
2 67
4 66
5 67
7 68
7 68
9 70
1 66
1 66
5 67
5 67
6 67
7 68
8 71
8 71
9 72
9 72
9 72
9 72
4 68
5 69
7 70
7 70
8 71
9 72
0 67
1 68
3 68
3 68
3 68
5 69
1 68
1 68
2 68
2 68
7 70
9 72
6 69
6 69
6 69
7 70
9 72
9 72
5 69
5 69
6 69
6 69
8 71
9 72
2 68
5 69
6 69
7 70
7 70
8 71
3 68
3 68
4 68
6 69
7 70
8 71
7 70
7 70
7 70
8 71
9 72
9 72
9 72
9 72
9 72
9 72
9 72
9 72
4 68
6 71
6 71
7 72
7 72
9 74
1 69
3 68
5 71
6 71
6 71
8 73
8 73
8 73
8 73
9 74
9 74
9 74
5 71
6 71
7 72
7 72
8 73
9 74
0 69
2 68
3 68
6 71
6 71
8 73
9 74
9 74
9 74
9 74
9 74
9 74
3 68
3 68
3 68
5 71
6 71
9 74
2 68
2 68
2 68
6 71
7 72
7 72
6 71
7 72
7 72
8 73
9 74
9 74
7 72
7 72
7 72
8 73
8 73
9 74
7 74
7 74
7 74
7 74
8 75
9 76
6 73
6 73
6 73
8 75
8 75
9 76
1 71
2 68
2 68
5 73
8 75
8 75
9 76
9 76
9 76
9 76
9 76
9 76
3 68
3 68
4 71
4 71
8 75
9 76
0 71
0 71
2 68
2 68
3 68
9 76
5 73
5 73
6 73
6 73
7 74
8 75
8 75
8 75
9 76
9 76
9 76
9 76
2 68
2 68
3 68
5 73
6 73
7 74
4 71
4 71
4 71
5 73
8 75
9 76
3 73
4 74
4 74
5 75
5 75
7 76
0 73
0 73
0 73
1 73
4 74
5 75
2 72
2 72
7 76
7 76
7 76
8 77
4 74
6 75
6 75
6 75
8 77
9 78
9 78
9 78
9 78
9 78
9 78
9 78
5 75
5 75
5 75
8 77
8 77
9 78
8 77
8 77
8 77
8 77
9 78
9 78
7 76
7 76
7 76
8 77
9 78
9 78
6 75
6 75
6 75
7 76
9 78
9 78
1 73
3 73
4 74
5 75
6 75
7 76
9 80
9 80
9 80
9 80
9 80
9 80
3 75
3 75
4 76
6 77
9 80
9 80
1 74
2 74
7 78
7 78
9 80
9 80
0 75
2 74
4 76
4 76
5 77
9 80
7 78
7 78
7 78
9 80
9 80
9 80
5 77
5 77
5 77
7 78
8 79
9 80
4 76
5 77
5 77
7 78
9 80
9 80
8 79
8 79
8 79
8 79
8 79
9 80
2 74
3 75
5 77
7 78
9 80
9 80
6 77
6 77
6 77
8 79
8 79
9 80
3 77
5 79
6 79
7 80
9 82
9 82
4 78
4 78
4 78
4 78
7 80
9 82
0 77
2 76
5 79
7 80
8 81
9 82
1 76
2 76
2 76
5 79
6 79
9 82
2 76
6 79
7 80
7 80
8 81
9 82
7 80
7 80
8 81
9 82
9 82
9 82
5 79
7 80
8 81
8 81
9 82
9 82
9 82
9 82
9 82
9 82
9 82
9 82
8 81
8 81
8 81
9 82
9 82
9 82
6 79
7 80
7 80
7 80
8 81
8 81
6 81
6 81
7 82
7 82
8 83
9 84
0 78
3 79
3 79
5 81
6 81
8 83
7 82
7 82
7 82
8 83
8 83
9 84
8 83
8 83
9 84
9 84
9 84
9 84
9 84
9 84
9 84
9 84
9 84
9 84
3 79
4 80
5 81
6 81
8 83
9 84
2 78
2 78
5 81
7 82
7 82
8 83
5 81
5 81
6 81
6 81
7 82
7 82
4 80
4 80
5 81
5 81
6 81
8 83
1 78
4 80
4 80
5 81
7 82
8 83
7 84
7 84
8 84
8 84
9 86
9 86
1 80
3 81
4 82
5 81
6 82
9 86
4 82
4 82
5 81
5 81
6 82
6 82
3 81
3 81
4 82
5 81
5 81
9 86
6 82
6 82
6 82
7 84
7 84
7 84
0 80
1 80
1 80
3 81
9 86
9 86
2 80
2 80
2 80
3 81
6 82
9 86
5 81
5 81
6 82
6 82
6 82
9 86
8 84
8 84
9 86
9 86
9 86
9 86
9 86
9 86
9 86
9 86
9 86
9 86
6 85
6 85
7 86
7 86
8 86
9 86
4 84
4 84
5 84
6 85
7 86
8 86
5 84
5 84
7 86
7 86
8 86
9 86
2 82
2 82
5 84
7 86
8 86
9 86
3 83
4 84
5 84
6 85
9 86
9 86
7 86
7 86
7 86
7 86
7 86
8 86
8 86
8 86
8 86
9 86
9 86
9 86
9 86
9 86
9 86
9 86
9 86
9 86
0 82
1 82
1 82
2 82
3 83
7 86
1 82
1 82
3 83
6 85
6 85
8 86
9 88
9 88
9 88
9 88
9 88
9 88
2 83
3 85
3 85
4 86
5 85
6 87
5 85
5 85
7 88
8 88
9 88
9 88
0 82
0 82
2 83
5 85
6 87
6 87
8 88
8 88
8 88
9 88
9 88
9 88
6 87
6 87
7 88
8 88
9 88
9 88
1 82
2 83
4 86
6 87
7 88
9 88
7 88
7 88
7 88
8 88
9 88
9 88
4 86
7 88
8 88
8 88
9 88
9 88
3 85
3 85
4 86
6 87
7 88
9 88
5 85
5 85
8 89
9 90
9 90
9 90
0 84
5 85
6 89
7 88
7 88
7 88
1 85
3 87
5 85
6 89
9 90
9 90
8 89
8 89
8 89
8 89
9 90
9 90
6 89
6 89
7 88
8 89
9 90
9 90
7 88
7 88
8 89
8 89
8 89
9 90
2 86
4 88
5 85
8 89
8 89
9 90
3 87
3 87
7 88
7 88
8 89
9 90
9 90
9 90
9 90
9 90
9 90
9 90
4 88
5 85
5 85
6 89
7 88
8 89
5 90
5 90
7 88
8 91
8 91
9 92
9 92
9 92
9 92
9 92
9 92
9 92
8 91
8 91
8 91
8 91
9 92
9 92
0 85
0 85
0 85
3 89
3 89
6 89
3 89
4 89
5 90
6 89
8 91
8 91
2 88
3 89
3 89
4 89
6 89
7 88
4 89
5 90
7 88
7 88
9 92
9 92
6 89
6 89
6 89
7 88
8 91
9 92
1 87
1 87
2 88
3 89
5 90
7 88
7 88
7 88
8 91
8 91
9 92
9 92
8 93
8 93
8 93
9 93
9 93
9 93
1 88
3 89
4 91
5 91
7 92
9 93
5 91
5 91
5 91
5 91
6 91
8 93
6 91
6 91
7 92
7 92
8 93
9 93
0 88
0 88
1 88
3 89
4 91
4 91
3 89
5 91
6 91
7 92
7 92
9 93
7 92
7 92
8 93
8 93
9 93
9 93
4 91
7 92
7 92
7 92
8 93
9 93
9 93
9 93
9 93
9 93
9 93
9 93
2 90
3 89
3 89
3 89
8 93
9 93
1 90
6 93
6 93
8 95
9 95
9 95
0 90
1 90
3 92
6 93
7 94
8 95
8 95
8 95
9 95
9 95
9 95
9 95
3 92
5 91
6 93
6 93
9 95
9 95
2 91
5 91
6 93
7 94
7 94
7 94
6 93
6 93
7 94
7 94
8 95
9 95
7 94
7 94
8 95
8 95
8 95
8 95
5 91
6 93
6 93
7 94
8 95
9 95
9 95
9 95
9 95
9 95
9 95
9 95
4 93
4 93
6 93
6 93
7 94
8 95
4 95
5 94
5 94
6 95
8 97
9 97
1 92
1 92
3 94
3 94
4 95
5 94
7 95
7 95
7 95
7 95
9 97
9 97
6 95
6 95
6 95
6 95
7 95
9 97
8 97
8 97
8 97
8 97
8 97
9 97
0 92
1 92
5 94
6 95
7 95
9 97
5 94
6 95
8 97
8 97
8 97
9 97
9 97
9 97
9 97
9 97
9 97
9 97
3 94
3 94
3 94
5 94
6 95
6 95
2 93
3 94
3 94
4 95
5 94
7 95
1 94
1 94
3 96
5 95
5 95
8 98
9 99
9 99
9 99
9 99
9 99
9 99
5 95
5 95
6 97
7 98
8 98
9 99
4 96
4 96
7 98
8 98
8 98
9 99
2 95
5 95
5 95
6 97
8 98
9 99
7 98
7 98
8 98
8 98
9 99
9 99
3 96
3 96
4 96
7 98
7 98
7 98
0 94
1 94
3 96
5 95
6 97
8 98
6 97
8 98
9 99
9 99
9 99
9 99
8 98
8 98
8 98
8 98
9 99
9 99
3 98
5 95
6 99
9 101
9 101
9 101
1 96
1 96
1 96
5 95
7 98
7 98
2 97
4 98
5 95
5 95
6 99
8 98
8 98
8 98
9 101
9 101
9 101
9 101
0 96
0 96
0 96
1 96
2 97
6 99
5 95
5 95
5 95
6 99
8 98
9 101
9 101
9 101
9 101
9 101
9 101
9 101
7 98
7 98
7 98
8 98
8 98
8 98
6 99
6 99
7 98
8 98
8 98
9 101
4 98
5 95
5 95
5 95
6 99
6 99
3 98
5 100
6 101
6 101
8 98
9 101
2 97
2 97
2 97
4 98
5 100
9 101
6 101
6 101
6 101
6 101
9 101
9 101
9 101
9 101
9 101
9 101
9 101
9 101
8 98
8 98
8 98
8 98
9 101
9 101
4 98
4 98
5 100
6 101
6 101
8 98
1 98
2 97
4 98
5 100
7 101
8 98
7 101
8 98
8 98
8 98
9 101
9 101
5 100
5 100
8 98
8 98
9 101
9 101
0 98
3 98
7 101
8 98
9 101
9 101
8 102
8 102
8 102
9 101
9 101
9 101
9 101
9 101
9 101
9 101
9 101
9 101
5 102
6 103
6 103
7 102
7 102
8 102
3 98
3 98
4 101
5 102
6 103
7 102
0 99
1 98
4 101
6 103
9 101
9 101
1 98
1 98
2 97
7 102
8 102
8 102
4 101
4 101
4 101
7 102
9 101
9 101
6 103
6 103
7 102
7 102
8 102
8 102
2 97
3 98
4 101
7 102
8 102
8 102
7 102
7 102
8 102
8 102
8 102
9 101
3 101
3 101
3 101
6 105
8 103
9 103
4 103
4 103
5 104
7 104
9 103
9 103
0 99
1 98
4 103
4 103
9 103
9 103
5 104
5 104
7 104
8 103
8 103
9 103
2 97
4 103
6 105
6 105
8 103
9 103
6 105
6 105
6 105
6 105
7 104
9 103
7 104
7 104
7 104
7 104
8 103
9 103
9 103
9 103
9 103
9 103
9 103
9 103
8 103
8 103
8 103
8 103
9 103
9 103
1 98
1 98
2 97
3 101
5 104
6 105
1 100
2 100
5 106
6 107
7 106
8 105
5 106
5 106
5 106
5 106
8 105
8 105
6 107
6 107
6 107
7 106
8 105
8 105
0 99
3 101
3 101
4 105
4 105
8 105
2 100
5 106
8 105
9 105
9 105
9 105
7 106
7 106
7 106
8 105
9 105
9 105
9 105
9 105
9 105
9 105
9 105
9 105
3 101
3 101
5 106
7 106
8 105
9 105
4 105
4 105
4 105
4 105
6 107
8 105
8 105
8 105
8 105
8 105
8 105
9 105
1 100
1 100
5 106
6 108
7 108
9 106
9 106
9 106
9 106
9 106
9 106
9 106
7 108
7 108
8 107
8 107
9 106
9 106
0 99
1 100
3 105
5 106
6 108
7 108
2 105
2 105
4 105
7 108
8 107
8 107
4 105
5 106
6 108
7 108
7 108
8 107
3 105
3 105
4 105
7 108
9 106
9 106
8 107
8 107
8 107
8 107
9 106
9 106
5 106
5 106
5 106
7 108
8 107
9 106
6 108
6 108
7 108
7 108
8 107
9 106
7 109
7 109
8 107
9 106
9 106
9 106
1 106
2 107
2 107
5 106
6 108
9 106
2 107
2 107
3 107
6 108
7 109
8 107
4 108
4 108
4 108
8 107
8 107
8 107
5 106
5 106
5 106
9 106
9 106
9 106
6 108
6 108
7 109
7 109
7 109
8 107
0 99
0 99
4 108
7 109
7 109
8 107
9 106
9 106
9 106
9 106
9 106
9 106
3 107
3 107
4 108
6 108
9 106
9 106
8 107
8 107
8 107
9 106
9 106
9 106
7 109
8 107
8 107
9 106
9 106
9 106
8 107
8 107
8 107
8 107
8 107
9 106
5 106
6 108
6 108
6 108
9 106
9 106
4 108
5 106
6 108
6 108
7 109
8 107
3 107
4 108
6 108
8 107
8 107
9 106
2 107
3 107
4 108
4 108
5 106
9 106
0 107
0 107
2 107
2 107
8 107
9 106
9 106
9 106
9 106
9 106
9 106
9 106
1 108
1 108
4 108
6 108
7 109
8 107
6 108
6 108
7 109
7 109
8 107
9 106
5 106
5 106
6 108
8 107
9 106
9 106
1 110
1 110
4 108
6 108
6 108
8 107
0 109
1 110
5 106
7 109
7 109
9 106
2 109
2 109
3 107
5 106
5 106
6 108
9 106
9 106
9 106
9 106
9 106
9 106
8 107
8 107
8 107
8 107
9 106
9 106
4 108
5 106
6 108
8 107
8 107
8 107
7 109
7 109
7 109
8 107
8 107
9 106
6 108
6 108
8 107
9 106
9 106
9 106
3 107
4 108
6 108
7 109
8 107
9 106
1 112
1 112
1 112
2 111
6 108
9 106
3 110
3 110
4 110
4 110
8 107
8 107
5 106
5 106
8 107
8 107
8 107
9 106
8 107
8 107
8 107
8 107
8 107
8 107
7 109
7 109
8 107
8 107
8 107
9 106
6 108
6 108
7 109
7 109
8 107
8 107
2 111
2 111
3 110
4 110
5 106
9 106
4 110
4 110
5 106
8 107
8 107
9 106
0 110
0 110
1 112
2 111
2 111
7 109
9 106
9 106
9 106
9 106
9 106
9 106
6 108
6 108
8 107
9 106
9 106
9 106
1 112
4 112
5 111
7 109
7 109
7 109
8 107
8 107
8 107
8 107
9 106
9 106
9 106
9 106
9 106
9 106
9 106
9 106
4 112
4 112
4 112
4 112
5 111
6 108
0 110
0 110
2 111
5 111
6 108
7 109
5 111
7 109
7 109
8 107
9 106
9 106
3 111
3 111
4 112
5 111
6 108
7 109
7 109
7 109
8 107
9 106
9 106
9 106
2 111
2 111
2 111
2 111
4 112
8 107
5 113
5 113
6 112
7 111
7 111
8 107
9 106
9 106
9 106
9 106
9 106
9 106
4 113
4 113
6 112
8 107
9 106
9 106
6 112
7 111
7 111
8 107
8 107
8 107
8 107
8 107
8 107
8 107
8 107
9 106
3 113
5 113
5 113
7 111
7 111
8 107
7 111
7 111
7 111
9 106
9 106
9 106
2 113
3 113
5 113
7 111
7 111
7 111
0 110
0 110
4 113
5 113
7 111
9 106
1 112
1 112
2 113
3 113
6 112
8 107
7 113
7 113
7 113
8 112
9 111
9 111
3 115
4 115
5 115
7 113
7 113
8 112
0 110
4 115
6 114
8 112
8 112
9 111
5 115
5 115
6 114
9 111
9 111
9 111
6 114
8 112
8 112
9 111
9 111
9 111
8 112
8 112
9 111
9 111
9 111
9 111
4 115
5 115
7 113
7 113
7 113
9 111
1 114
2 115
4 115
4 115
6 114
9 111
9 111
9 111
9 111
9 111
9 111
9 111
2 115
3 115
3 115
4 115
8 112
9 111
2 115
3 116
4 117
5 117
5 117
7 115
4 117
5 117
6 115
7 115
8 114
9 111
3 116
4 117
5 117
5 117
9 111
9 111
6 115
6 115
6 115
7 115
7 115
8 114
9 111
9 111
9 111
9 111
9 111
9 111
5 117
6 115
7 115
7 115
7 115
8 114
0 114
0 114
3 116
6 115
8 114
9 111
7 115
7 115
8 114
8 114
9 111
9 111
8 114
8 114
9 111
9 111
9 111
9 111
1 114
2 115
2 115
4 117
6 115
9 111
2 115
3 116
5 119
8 115
8 115
9 114
6 118
6 118
7 117
8 115
8 115
8 115
7 117
7 117
7 117
8 115
8 115
8 115
8 115
8 115
8 115
9 114
9 114
9 114
9 114
9 114
9 114
9 114
9 114
9 114
0 114
0 114
1 114
3 116
3 116
4 119
3 116
6 118
6 118
6 118
7 117
9 114
5 119
5 119
6 118
7 117
8 115
8 115
4 119
4 119
5 119
6 118
7 117
9 114
1 114
1 114
2 115
5 119
5 119
9 114
